global_step,grad_norm,loss,train/accuracy,train/loss,validation/accuracy,validation/loss,validation/num_examples,test/accuracy,test/loss,test/num_examples,score,total_duration,accumulated_submission_time,accumulated_eval_time,accumulated_logging_time,preemption_count
0,0.36931008,6.907756,,,,,,,,,,,,,,
1,,,0.0008593749953433,6.907756328582764,0.0009999999310821,6.9077558517456055,50000.0,0.0010000000474974,6.907756805419922,10000.0,42.407904624938965,82.68089628219604,42.407904624938965,40.27289533615112,0.0,0.0
100,0.53789985,6.8408003,,,,,,,,,,,,,,
200,0.9230031,6.6730437,,,,,,,,,,,,,,
300,1.7639307,6.529519,,,,,,,,,,,,,,
400,1.0569824,6.3401513,,,,,,,,,,,,,,
500,0.9726732,6.206441,,,,,,,,,,,,,,
600,1.0519215,6.1696596,,,,,,,,,,,,,,
700,1.6411607,6.2366734,,,,,,,,,,,,,,
800,1.3116806,6.1239495,,,,,,,,,,,,,,
900,1.4945952,6.6489286,,,,,,,,,,,,,,
926,,,0.0496484376490116,5.546681880950928,0.0472799986600875,5.580029010772705,50000.0,0.0394000001251697,5.749039649963379,10000.0,462.4723033905029,524.116331577301,462.4723033905029,61.56792545318604,0.0264172554016113,0.0
1000,1.1859243,5.838219,,,,,,,,,,,,,,
1100,0.8577937,6.6577573,,,,,,,,,,,,,,
1200,0.65221196,5.9044523,,,,,,,,,,,,,,
1300,0.6901768,5.8801837,,,,,,,,,,,,,,
1400,0.57565594,6.466406,,,,,,,,,,,,,,
1500,0.7614925,6.011245,,,,,,,,,,,,,,
1600,0.6799208,5.6385517,,,,,,,,,,,,,,
1700,0.79508674,5.4227433,,,,,,,,,,,,,,
1800,0.6853915,5.4136534,,,,,,,,,,,,,,
1898,,,0.1150195300579071,4.778572082519531,0.1070000007748603,4.828153133392334,50000.0,0.0819000005722045,5.129338264465332,10000.0,882.4920375347137,965.4511768817902,882.4920375347137,82.80326890945435,0.0542397499084472,0.0
1900,0.8656795,5.3531275,,,,,,,,,,,,,,
2000,0.897518,5.546128,,,,,,,,,,,,,,
2100,0.969822,5.2721133,,,,,,,,,,,,,,
2200,0.81430656,5.449375,,,,,,,,,,,,,,
2300,0.7165268,5.1306205,,,,,,,,,,,,,,
2400,0.6011774,5.9940667,,,,,,,,,,,,,,
2500,1.1593388,5.414578,,,,,,,,,,,,,,
2600,1.4231979,5.118185,,,,,,,,,,,,,,
2700,0.89631075,4.995694,,,,,,,,,,,,,,
2800,0.6138137,5.810434,,,,,,,,,,,,,,
2871,,,0.1755468696355819,4.241603374481201,0.1613599956035614,4.351954936981201,50000.0,0.1248000040650367,4.715780735015869,10000.0,1302.575493335724,1407.0399117469788,1302.575493335724,104.23219966888428,0.0808339118957519,0.0
2900,0.98861426,5.006195,,,,,,,,,,,,,,
3000,0.83144355,5.046493,,,,,,,,,,,,,,
3100,0.7134813,6.162241,,,,,,,,,,,,,,
3200,0.7506546,6.222253,,,,,,,,,,,,,,
3300,1.0169429,4.845817,,,,,,,,,,,,,,
3400,0.885299,4.8954973,,,,,,,,,,,,,,
3500,0.58021075,6.20158,,,,,,,,,,,,,,
3600,1.0938319,5.0028853,,,,,,,,,,,,,,
3700,0.9829695,4.785321,,,,,,,,,,,,,,
3800,1.0034647,4.794664,,,,,,,,,,,,,,
3846,,,0.2025195211172104,4.0613694190979,0.1896799951791763,4.14261531829834,50000.0,0.1431000083684921,4.554931640625,10000.0,1722.893215894699,1849.107105731964,1722.893215894699,125.90292286872864,0.1094586849212646,0.0
3900,0.97555995,5.1463614,,,,,,,,,,,,,,
4000,0.6354865,6.2067866,,,,,,,,,,,,,,
4100,0.7902579,6.3769703,,,,,,,,,,,,,,
4200,1.0786699,4.79485,,,,,,,,,,,,,,
4300,1.4664562,4.999151,,,,,,,,,,,,,,
4400,1.3223741,4.810647,,,,,,,,,,,,,,
4500,1.1811429,4.724454,,,,,,,,,,,,,,
4600,1.2916114,4.760475,,,,,,,,,,,,,,
4700,1.0462037,4.652655,,,,,,,,,,,,,,
4800,0.86898607,6.336133,,,,,,,,,,,,,,
4816,,,0.2219335883855819,3.88692855834961,0.2078999876976013,3.981550931930542,50000.0,0.162100002169609,4.404464721679688,10000.0,2142.991125822068,2292.5844674110413,2142.991125822068,149.2046196460724,0.1362318992614746,0.0
4900,1.2720839,4.764607,,,,,,,,,,,,,,
5000,1.2181885,5.192408,,,,,,,,,,,,,,
5100,1.1272873,4.6429176,,,,,,,,,,,,,,
5200,1.1878958,4.9880533,,,,,,,,,,,,,,
5300,1.2962661,4.5670676,,,,,,,,,,,,,,
5400,1.1639549,4.568038,,,,,,,,,,,,,,
5500,0.8478826,6.195199,,,,,,,,,,,,,,
5600,1.1592292,4.620509,,,,,,,,,,,,,,
5700,1.0187317,6.1197824,,,,,,,,,,,,,,
5787,,,0.248574212193489,3.759787559509277,0.2255999892950058,3.873669385910034,50000.0,0.1698000133037567,4.309998035430908,10000.0,2563.191362142563,2734.413493871689,2563.191362142563,170.75521993637085,0.1642177104949951,0.0
5800,1.6845963,4.708702,,,,,,,,,,,,,,
5900,1.1028937,4.8151274,,,,,,,,,,,,,,
6000,1.2081523,5.2391453,,,,,,,,,,,,,,
6100,1.0757174,5.5664515,,,,,,,,,,,,,,
6200,0.93018925,5.5303893,,,,,,,,,,,,,,
6300,0.98400575,6.2220545,,,,,,,,,,,,,,
6400,1.7486043,4.5701823,,,,,,,,,,,,,,
6500,1.1732761,4.5609245,,,,,,,,,,,,,,
6600,1.5575725,4.4900293,,,,,,,,,,,,,,
6700,1.4514829,4.418851,,,,,,,,,,,,,,
6756,,,0.2540625035762787,3.679334878921509,0.2279399931430816,3.855421543121338,50000.0,0.1719000041484832,4.298078536987305,10000.0,2983.133612394333,3175.9015419483185,2983.133612394333,192.2048437595368,0.193976879119873,0.0
6800,1.1826835,4.5917897,,,,,,,,,,,,,,
6900,1.6464727,4.608866,,,,,,,,,,,,,,
7000,1.1074876,5.244789,,,,,,,,,,,,,,
7100,1.4919904,4.3711114,,,,,,,,,,,,,,
7200,1.4061048,4.543487,,,,,,,,,,,,,,
7300,1.2436408,5.826017,,,,,,,,,,,,,,
7400,1.4715158,4.403402,,,,,,,,,,,,,,
7500,1.5552412,4.4607105,,,,,,,,,,,,,,
7600,1.1380801,6.2238607,,,,,,,,,,,,,,
7700,1.1615058,4.9978065,,,,,,,,,,,,,,
7723,,,0.2479296773672104,3.778480768203736,0.2302799969911575,3.8873677253723145,50000.0,0.1789000034332275,4.295720100402832,10000.0,3403.133020877838,3621.051498651505,3403.133020877838,217.2707409858704,0.2278895378112793,0.0
7800,1.6373702,4.442712,,,,,,,,,,,,,,
7900,1.3343649,4.3691406,,,,,,,,,,,,,,
8000,1.2197205,4.7776647,,,,,,,,,,,,,,
8100,1.1301771,4.9479246,,,,,,,,,,,,,,
8200,1.9557368,4.385929,,,,,,,,,,,,,,
8300,1.5664545,4.4153357,,,,,,,,,,,,,,
8400,1.3082805,5.10199,,,,,,,,,,,,,,
8500,1.4349369,4.557214,,,,,,,,,,,,,,
8600,1.0579882,5.9196963,,,,,,,,,,,,,,
8691,,,0.2748242020606994,3.526401996612549,0.2588199973106384,3.6297781467437744,50000.0,0.194700002670288,4.120658874511719,10000.0,3823.2765324115753,4072.569266319275,3823.2765324115753,248.56418442726127,0.258411169052124,0.0
8700,1.0328038,6.2046595,,,,,,,,,,,,,,
8800,0.8218697,5.798399,,,,,,,,,,,,,,
8900,2.0290272,4.587847,,,,,,,,,,,,,,
9000,1.362547,5.2128468,,,,,,,,,,,,,,
9100,1.7342354,4.402315,,,,,,,,,,,,,,
9200,1.6205634,4.3445883,,,,,,,,,,,,,,
9300,1.5925804,4.3778176,,,,,,,,,,,,,,
9400,0.9107337,6.2064886,,,,,,,,,,,,,,
9500,1.5768045,4.5199175,,,,,,,,,,,,,,
9600,1.3532696,5.6440005,,,,,,,,,,,,,,
9662,,,0.2798632681369781,3.503148078918457,0.258760005235672,3.640906572341919,50000.0,0.193900004029274,4.138862609863281,10000.0,4243.578206539154,4518.3145542144775,4243.578206539154,273.9247980117798,0.2913532257080078,0.0
9700,2.1974473,4.3895073,,,,,,,,,,,,,,
9800,1.4692191,4.465125,,,,,,,,,,,,,,
9900,1.4413028,5.3308387,,,,,,,,,,,,,,
10000,1.2692806,5.0097294,,,,,,,,,,,,,,
10100,1.9147717,4.327451,,,,,,,,,,,,,,
10200,2.6433482,4.568158,,,,,,,,,,,,,,
10300,1.312964,5.131912,,,,,,,,,,,,,,
10400,1.7410506,4.4074993,,,,,,,,,,,,,,
10500,2.425918,4.3283205,,,,,,,,,,,,,,
10600,1.5532564,4.202393,,,,,,,,,,,,,,
10630,,,0.306640625,3.344505548477173,0.2679799795150757,3.5679283142089844,50000.0,0.20660001039505,4.063181400299072,10000.0,4663.522233486176,4965.754022359848,4663.522233486176,301.3350670337677,0.3262202739715576,0.0
10700,1.4788585,5.304292,,,,,,,,,,,,,,
10800,2.4480438,4.2808914,,,,,,,,,,,,,,
10900,0.9304927,6.1476192,,,,,,,,,,,,,,
11000,1.5670053,4.4311976,,,,,,,,,,,,,,
11100,1.4348108,4.245134,,,,,,,,,,,,,,
11200,1.6314701,4.433288,,,,,,,,,,,,,,
11300,1.3422755,5.51935,,,,,,,,,,,,,,
11400,1.4041742,6.1084356,,,,,,,,,,,,,,
11500,1.0913982,5.6107903,,,,,,,,,,,,,,
11599,,,0.2923437356948852,3.407800436019897,0.2724599838256836,3.527789831161499,50000.0,0.2085000127553939,4.03204345703125,10000.0,5083.512349843979,5416.414419651032,5083.512349843979,331.92172718048096,0.3575887680053711,0.0
11600,1.3904684,4.291194,,,,,,,,,,,,,,
11700,1.922645,4.5853124,,,,,,,,,,,,,,
11800,1.6008536,6.2701335,,,,,,,,,,,,,,
11900,1.0722002,6.228432,,,,,,,,,,,,,,
12000,1.8299485,5.0885615,,,,,,,,,,,,,,
12100,1.5450307,4.1641645,,,,,,,,,,,,,,
12200,1.7728484,4.389662,,,,,,,,,,,,,,
12300,1.7320943,4.312387,,,,,,,,,,,,,,
12400,1.7338572,6.0634036,,,,,,,,,,,,,,
12500,1.8154497,4.393635,,,,,,,,,,,,,,
12566,,,0.2924218773841858,3.46732497215271,0.2681599855422973,3.597349166870117,50000.0,0.2040000110864639,4.064800262451172,10000.0,5503.641223192215,5862.216958761215,5503.641223192215,357.5149426460266,0.3878798484802246,0.0
12600,1.6167915,4.218904,,,,,,,,,,,,,,
12700,1.9378394,4.320574,,,,,,,,,,,,,,
12800,1.07913,5.9860964,,,,,,,,,,,,,,
12900,1.390221,5.524513,,,,,,,,,,,,,,
13000,1.6603864,4.2511497,,,,,,,,,,,,,,
13100,1.7360713,4.5128903,,,,,,,,,,,,,,
13200,1.8146026,4.210003,,,,,,,,,,,,,,
13300,1.0017037,5.884117,,,,,,,,,,,,,,
13400,2.0038857,4.8379426,,,,,,,,,,,,,,
13500,1.807645,4.334652,,,,,,,,,,,,,,
13522,,,0.3045117259025574,3.349194288253784,0.2797999978065491,3.494265556335449,50000.0,0.2129000127315521,4.000655651092529,10000.0,5923.88308429718,6309.089737176895,5923.88308429718,384.0649690628052,0.4183046817779541,0.0
13600,2.1057203,4.1383276,,,,,,,,,,,,,,
13700,1.649783,4.3238764,,,,,,,,,,,,,,
13800,1.3241608,5.180295,,,,,,,,,,,,,,
13900,1.1620349,5.9733152,,,,,,,,,,,,,,
14000,1.9475911,4.2902994,,,,,,,,,,,,,,
14100,1.9620812,4.3379636,,,,,,,,,,,,,,
14200,1.6664263,4.2260528,,,,,,,,,,,,,,
14300,1.1807823,5.6465077,,,,,,,,,,,,,,
14400,1.1627827,5.4134455,,,,,,,,,,,,,,
14482,,,0.3053124845027923,3.3405983448028564,0.2805399894714355,3.481933116912842,50000.0,0.2104000151157379,4.007427215576172,10000.0,6344.119933605194,6757.693269252777,6344.119933605194,412.3521378040314,0.4476780891418457,0.0
14500,1.5313838,4.3708014,,,,,,,,,,,,,,
14600,2.2737021,4.304512,,,,,,,,,,,,,,
14700,1.2807856,5.734153,,,,,,,,,,,,,,
14800,1.9992071,4.3933554,,,,,,,,,,,,,,
14900,2.2597435,4.3447824,,,,,,,,,,,,,,
15000,1.840263,4.3761168,,,,,,,,,,,,,,
15100,1.4521185,5.7211447,,,,,,,,,,,,,,
15200,2.1255586,4.4162273,,,,,,,,,,,,,,
15300,1.657198,4.207423,,,,,,,,,,,,,,
15400,1.1179312,6.073528,,,,,,,,,,,,,,
15444,,,0.3016796708106994,3.425587654113769,0.2793999910354614,3.555171489715576,50000.0,0.2124000042676925,4.040298938751221,10000.0,6764.22265791893,7207.018952131271,6764.22265791893,441.49400877952576,0.4778108596801758,0.0
15500,1.9063346,4.28579,,,,,,,,,,,,,,
15600,1.1932478,5.5572686,,,,,,,,,,,,,,
15700,1.5861229,4.700298,,,,,,,,,,,,,,
15800,1.8679231,4.2630796,,,,,,,,,,,,,,
15900,1.2177916,5.708895,,,,,,,,,,,,,,
16000,1.1922982,5.925848,,,,,,,,,,,,,,
16100,1.0430106,5.8535395,,,,,,,,,,,,,,
16200,1.4551178,5.794344,,,,,,,,,,,,,,
16300,1.6903645,4.316046,,,,,,,,,,,,,,
16400,2.2077825,4.234007,,,,,,,,,,,,,,
16406,,,0.313769519329071,3.27459716796875,0.2916599810123443,3.399444580078125,50000.0,0.2232000082731247,3.925011396408081,10000.0,7184.3434009552,7658.731952667236,7184.3434009552,473.0067181587219,0.5073747634887695,0.0
16500,1.4264586,4.940711,,,,,,,,,,,,,,
16600,1.770682,4.246869,,,,,,,,,,,,,,
16700,1.921766,4.1605973,,,,,,,,,,,,,,
16800,1.7429239,4.1869807,,,,,,,,,,,,,,
16900,1.436714,4.6918154,,,,,,,,,,,,,,
17000,1.5755217,5.3217516,,,,,,,,,,,,,,
17100,1.9723952,4.2996197,,,,,,,,,,,,,,
17200,2.1355984,4.275164,,,,,,,,,,,,,,
17300,1.7015883,4.288548,,,,,,,,,,,,,,
17371,,,0.3133789002895355,3.302477598190308,0.2853399813175201,3.47474217414856,50000.0,0.2174000144004821,4.003881931304932,10000.0,7604.500234603882,8111.469674825668,7604.500234603882,505.50784039497375,0.5372850894927979,0.0
17400,1.1934559,5.0368156,,,,,,,,,,,,,,
17500,1.1970134,5.948346,,,,,,,,,,,,,,
17600,1.5109271,5.7664886,,,,,,,,,,,,,,
17700,2.5177886,4.2466087,,,,,,,,,,,,,,
17800,1.6881855,4.1352897,,,,,,,,,,,,,,
17900,1.9550095,4.160621,,,,,,,,,,,,,,
18000,1.9051251,4.1200075,,,,,,,,,,,,,,
18100,2.080244,4.154514,,,,,,,,,,,,,,
18200,1.1344537,5.7118826,,,,,,,,,,,,,,
18300,1.768443,4.2073164,,,,,,,,,,,,,,
18336,,,0.313281238079071,3.3177266120910645,0.2936999797821045,3.436964273452759,50000.0,0.2240000069141388,3.9657392501831055,10000.0,8024.59881901741,8569.54657626152,8024.59881901741,543.4038906097412,0.5691461563110352,0.0
18400,1.9773657,4.190551,,,,,,,,,,,,,,
18500,1.8998724,5.745532,,,,,,,,,,,,,,
18600,1.3729501,6.1359186,,,,,,,,,,,,,,
18700,1.2965618,4.9126244,,,,,,,,,,,,,,
18800,2.2270112,4.187087,,,,,,,,,,,,,,
18900,2.1333525,4.217971,,,,,,,,,,,,,,
19000,1.3039681,5.299067,,,,,,,,,,,,,,
19100,1.7732679,4.2603617,,,,,,,,,,,,,,
19200,1.7127494,5.236724,,,,,,,,,,,,,,
19299,,,0.3115429580211639,3.3263421058654785,0.2932800054550171,3.431626796722412,50000.0,0.2244000136852264,3.9460995197296143,10000.0,8444.69692659378,9027.037474870682,8444.69692659378,580.7211785316467,0.5953340530395508,0.0
19300,1.9608454,4.1878033,,,,,,,,,,,,,,
19400,1.69724,4.1473594,,,,,,,,,,,,,,
19500,1.8811392,4.053019,,,,,,,,,,,,,,
19600,1.9435357,4.2319803,,,,,,,,,,,,,,
19700,1.1235803,6.110498,,,,,,,,,,,,,,
19800,1.6797693,4.026967,,,,,,,,,,,,,,
19900,1.6186951,4.104511,,,,,,,,,,,,,,
20000,2.1915762,4.1330867,,,,,,,,,,,,,,
20100,1.7885596,5.208777,,,,,,,,,,,,,,
20200,2.0646286,4.074484,,,,,,,,,,,,,,
20255,,,0.3280859291553497,3.2317936420440674,0.3003599941730499,3.376290798187256,50000.0,0.2285000085830688,3.888595581054688,10000.0,8864.945125341415,9482.637296676636,8864.945125341415,615.9947829246521,0.6227524280548096,0.0
20300,2.3023784,4.167928,,,,,,,,,,,,,,
20400,1.9822868,4.152159,,,,,,,,,,,,,,
20500,1.910097,4.166888,,,,,,,,,,,,,,
20600,1.9733113,4.2319574,,,,,,,,,,,,,,
20700,1.6050395,4.545928,,,,,,,,,,,,,,
20800,1.8804113,6.274742,,,,,,,,,,,,,,
20900,2.3639953,4.2963595,,,,,,,,,,,,,,
21000,1.9515879,4.2331133,,,,,,,,,,,,,,
21100,1.4350106,5.558589,,,,,,,,,,,,,,
21200,1.9055815,4.126543,,,,,,,,,,,,,,
21211,,,0.3448242247104645,3.095136404037476,0.3050400018692016,3.3415286540985107,50000.0,0.231000006198883,3.880584478378296,10000.0,9285.027745008469,9938.695310115814,9285.027745008469,651.8885412216187,0.6546645164489746,0.0
21300,2.0648136,4.0621758,,,,,,,,,,,,,,
21400,1.8230432,4.0952773,,,,,,,,,,,,,,
21500,1.8496506,4.06792,,,,,,,,,,,,,,
21600,1.2845488,5.738028,,,,,,,,,,,,,,
21700,1.9696825,4.1742992,,,,,,,,,,,,,,
21800,1.7148757,4.3573837,,,,,,,,,,,,,,
21900,1.2985827,6.111907,,,,,,,,,,,,,,
22000,2.0386262,4.2320495,,,,,,,,,,,,,,
22100,1.9320962,4.9347095,,,,,,,,,,,,,,
22165,,,0.3330273330211639,3.1962380409240723,0.3069199919700622,3.324821710586548,50000.0,0.2361000180244445,3.85124397277832,10000.0,9705.340762615204,10396.006874799728,9705.340762615204,688.8023653030396,0.6899394989013672,0.0
22200,1.7377949,5.571421,,,,,,,,,,,,,,
22300,1.1098669,6.0906453,,,,,,,,,,,,,,
22400,2.0435395,4.1141133,,,,,,,,,,,,,,
22500,1.609895,5.5599966,,,,,,,,,,,,,,
22600,1.9412872,4.1828575,,,,,,,,,,,,,,
22700,1.557501,5.9915285,,,,,,,,,,,,,,
22800,1.6653438,5.2888384,,,,,,,,,,,,,,
22900,2.0531843,4.1906505,,,,,,,,,,,,,,
23000,1.5845822,5.1895413,,,,,,,,,,,,,,
23100,2.6005988,4.1011252,,,,,,,,,,,,,,
23121,,,0.3245312571525574,3.240975379943848,0.2986799776554107,3.3681061267852783,50000.0,0.2250000089406967,3.897028684616089,10000.0,10125.609691619871,10850.690114974976,10125.609691619871,723.1355338096619,0.7209150791168213,0.0
23200,2.1401362,4.684594,,,,,,,,,,,,,,
23300,1.9242463,3.9009347,,,,,,,,,,,,,,
23400,1.9616944,4.159038,,,,,,,,,,,,,,
23500,1.8940107,4.4227357,,,,,,,,,,,,,,
23600,1.6292629,4.580458,,,,,,,,,,,,,,
23700,2.2551532,4.7971077,,,,,,,,,,,,,,
23800,1.2463648,5.4735513,,,,,,,,,,,,,,
23900,1.9343845,4.054977,,,,,,,,,,,,,,
24000,1.9890162,4.2190914,,,,,,,,,,,,,,
24084,,,0.3409570157527923,3.148341655731201,0.3109000027179718,3.305300235748291,50000.0,0.242000013589859,3.831053256988525,10000.0,10545.64650130272,11305.49757194519,10545.64650130272,757.8268358707428,0.7494769096374512,0.0
24100,1.8218256,4.0471425,,,,,,,,,,,,,,
24200,1.9568297,4.1011424,,,,,,,,,,,,,,
24300,1.8946251,4.1948705,,,,,,,,,,,,,,
24400,2.2456071,4.47393,,,,,,,,,,,,,,
24500,1.8634096,3.9430337,,,,,,,,,,,,,,
24600,2.0537338,4.6929083,,,,,,,,,,,,,,
24700,2.0418396,4.361377,,,,,,,,,,,,,,
24800,1.9653298,4.1592083,,,,,,,,,,,,,,
24900,1.233631,5.967534,,,,,,,,,,,,,,
25000,1.6861732,5.058539,,,,,,,,,,,,,,
25043,,,0.3271093666553497,3.2179276943206787,0.3033999800682068,3.3416237831115723,50000.0,0.2316000163555145,3.880654573440552,10000.0,10965.9730758667,11760.03875017166,10965.9730758667,791.9632122516632,0.7775259017944336,0.0
25100,1.2114642,6.110994,,,,,,,,,,,,,,
25200,1.4390703,5.6707625,,,,,,,,,,,,,,
25300,1.7352684,5.3248644,,,,,,,,,,,,,,
25400,2.0113208,4.0928855,,,,,,,,,,,,,,
25500,1.5774472,5.498994,,,,,,,,,,,,,,
25600,1.9890974,4.113408,,,,,,,,,,,,,,
25700,1.4093463,5.213733,,,,,,,,,,,,,,
25800,2.1614316,4.135249,,,,,,,,,,,,,,
25900,1.998999,4.1744356,,,,,,,,,,,,,,
25995,,,0.3408007621765136,3.1371994018554688,0.315119981765747,3.2680904865264893,50000.0,0.2346000075340271,3.8206868171691895,10000.0,11386.054789304731,12213.666856050491,11386.054789304731,825.4275870323181,0.8098599910736084,0.0
26000,2.346609,3.960484,,,,,,,,,,,,,,
26100,2.1806407,4.0027924,,,,,,,,,,,,,,
26200,2.1406536,4.126492,,,,,,,,,,,,,,
26300,2.1902761,4.016919,,,,,,,,,,,,,,
26400,2.8226058,4.2405562,,,,,,,,,,,,,,
26500,2.3853018,4.0439215,,,,,,,,,,,,,,
26600,1.8392694,4.219941,,,,,,,,,,,,,,
26700,2.7321947,4.0928464,,,,,,,,,,,,,,
26800,1.6369495,5.986148,,,,,,,,,,,,,,
26900,2.190132,4.56328,,,,,,,,,,,,,,
26948,,,0.3349413871765136,3.1683475971221924,0.3114799857139587,3.29542875289917,50000.0,0.2353000044822693,3.8564047813415527,10000.0,11805.988038301468,12668.9685587883,11805.988038301468,860.7145445346832,0.8410325050354004,0.0
27000,1.8645583,4.356216,,,,,,,,,,,,,,
27100,2.475871,4.1610804,,,,,,,,,,,,,,
27200,1.4474959,5.47957,,,,,,,,,,,,,,
27300,1.8067966,5.777276,,,,,,,,,,,,,,
27400,1.9822,4.815346,,,,,,,,,,,,,,
27500,1.7987258,4.791193,,,,,,,,,,,,,,
27600,2.1220949,4.1057634,,,,,,,,,,,,,,
27700,1.7199074,4.9417152,,,,,,,,,,,,,,
27800,2.3372982,4.5116434,,,,,,,,,,,,,,
27900,1.9407711,4.215885,,,,,,,,,,,,,,
27904,,,0.3542577922344208,3.058157205581665,0.3184599876403808,3.256256580352783,50000.0,0.2425000071525573,3.809958457946777,10000.0,12226.09018611908,13122.852663993835,12226.09018611908,894.4149425029755,0.8723504543304443,0.0
28000,1.9735458,4.116834,,,,,,,,,,,,,,
28100,2.0966356,4.198059,,,,,,,,,,,,,,
28200,1.6852266,5.340708,,,,,,,,,,,,,,
28300,2.6853757,4.010351,,,,,,,,,,,,,,
28400,1.5361735,5.5909266,,,,,,,,,,,,,,
28500,2.031894,4.2467127,,,,,,,,,,,,,,
28600,2.3327878,4.1777925,,,,,,,,,,,,,,
28700,2.3473024,4.046426,,,,,,,,,,,,,,
28800,1.5198693,6.132463,,,,,,,,,,,,,,
28860,,,0.3314453065395355,3.2066869735717773,0.3077600002288818,3.3283302783966064,50000.0,0.2358000129461288,3.851247787475586,10000.0,12646.361165046692,13576.363090991974,12646.361165046692,927.5753703117372,0.9005293846130371,0.0
28900,2.923423,4.1115074,,,,,,,,,,,,,,
29000,1.8011254,4.081644,,,,,,,,,,,,,,
29100,1.8557656,4.3173847,,,,,,,,,,,,,,
29200,2.2142115,3.9945683,,,,,,,,,,,,,,
29300,1.2370842,5.630921,,,,,,,,,,,,,,
29400,2.0356295,4.26478,,,,,,,,,,,,,,
29500,2.2713048,4.159752,,,,,,,,,,,,,,
29600,2.0806782,4.1645365,,,,,,,,,,,,,,
29700,1.6464461,6.1211786,,,,,,,,,,,,,,
29800,1.6904765,5.0839596,,,,,,,,,,,,,,
29815,,,0.3413867056369781,3.1405131816864014,0.319020003080368,3.262573003768921,50000.0,0.2415000051259994,3.811300277709961,10000.0,13066.622356176376,14030.11509346962,13066.622356176376,960.9867267608644,0.929408311843872,0.0
29900,1.8907831,4.433608,,,,,,,,,,,,,,
30000,1.7466363,5.0518894,,,,,,,,,,,,,,
30100,2.9496462,3.9797606,,,,,,,,,,,,,,
30200,1.7138366,6.163617,,,,,,,,,,,,,,
30300,1.3750997,5.3776116,,,,,,,,,,,,,,
30400,1.9281278,5.4438252,,,,,,,,,,,,,,
30500,2.892353,3.980831,,,,,,,,,,,,,,
30600,2.033882,4.942198,,,,,,,,,,,,,,
30700,2.3473604,3.9831338,,,,,,,,,,,,,,
30770,,,0.3521093726158142,3.081543207168579,0.322979986667633,3.2241973876953125,50000.0,0.2491000145673751,3.7690279483795166,10000.0,13486.736006975174,14484.55912423134,13486.736006975174,995.2316088676451,0.9647090435028076,0.0
30800,1.8212429,6.129726,,,,,,,,,,,,,,
30900,2.8293314,4.334991,,,,,,,,,,,,,,
31000,2.289722,3.9894137,,,,,,,,,,,,,,
31100,1.7697144,6.1045794,,,,,,,,,,,,,,
31200,2.342618,4.1743116,,,,,,,,,,,,,,
31300,2.041625,5.16412,,,,,,,,,,,,,,
31400,1.9899402,4.4028673,,,,,,,,,,,,,,
31500,1.963869,4.6582465,,,,,,,,,,,,,,
31600,1.6068494,5.3604193,,,,,,,,,,,,,,
31700,2.6131554,3.967587,,,,,,,,,,,,,,
31728,,,0.3657031059265136,2.9853954315185547,0.325899988412857,3.190936088562012,50000.0,0.2502000033855438,3.752857208251953,10000.0,13906.932462453842,14939.419165611269,13906.932462453842,1029.809841156006,0.999685764312744,0.0
31800,2.2538867,3.95475,,,,,,,,,,,,,,
31900,1.7455882,5.6332517,,,,,,,,,,,,,,
32000,2.2292266,3.9939635,,,,,,,,,,,,,,
32100,1.5089624,5.588101,,,,,,,,,,,,,,
32200,2.3777723,4.0223613,,,,,,,,,,,,,,
32300,2.4800959,4.0210147,,,,,,,,,,,,,,
32400,2.741095,4.176613,,,,,,,,,,,,,,
32500,2.0867038,3.9838455,,,,,,,,,,,,,,
32600,2.2209806,4.108923,,,,,,,,,,,,,,
32688,,,0.348925769329071,3.115293264389038,0.3241199851036072,3.24239468574524,50000.0,0.2491000145673751,3.778204917907715,10000.0,14327.155727863312,15394.146933078766,14327.155727863312,1064.2299513816831,1.0343585014343262,0.0
32700,1.3199993,5.7467527,,,,,,,,,,,,,,
32800,2.407442,4.856793,,,,,,,,,,,,,,
32900,1.1280085,5.9103785,,,,,,,,,,,,,,
33000,2.3973393,4.000442,,,,,,,,,,,,,,
33100,3.8143368,4.225439,,,,,,,,,,,,,,
33200,1.9339722,4.1557846,,,,,,,,,,,,,,
33300,2.9435556,4.1050477,,,,,,,,,,,,,,
33400,1.3180933,5.563658,,,,,,,,,,,,,,
33500,2.147624,3.990074,,,,,,,,,,,,,,
33600,3.0638194,4.0034246,,,,,,,,,,,,,,
33644,,,0.3490820229053497,3.1053221225738525,0.3245799839496612,3.226743698120117,50000.0,0.2521000206470489,3.7664732933044434,10000.0,14747.141796588898,15848.36913371086,14747.141796588898,1098.386288166046,1.0644407272338867,0.0
33700,1.9107379,3.932755,,,,,,,,,,,,,,
33800,3.2025373,4.262126,,,,,,,,,,,,,,
33900,2.5021925,3.9741585,,,,,,,,,,,,,,
34000,3.5614448,4.0743995,,,,,,,,,,,,,,
34100,2.5405147,4.0247607,,,,,,,,,,,,,,
34200,1.8982984,4.0911245,,,,,,,,,,,,,,
34300,2.2658956,4.069899,,,,,,,,,,,,,,
34400,3.148931,3.9946213,,,,,,,,,,,,,,
34500,1.7396876,5.3798723,,,,,,,,,,,,,,
34600,2.7957125,4.018917,,,,,,,,,,,,,,
34603,,,0.3536328077316284,3.018373250961304,0.3231199979782104,3.191268920898437,50000.0,0.2452000081539154,3.754849433898926,10000.0,15167.375026464462,16302.083421707152,15167.375026464462,1131.783323764801,1.0985476970672607,0.0
34700,2.599748,3.952999,,,,,,,,,,,,,,
34800,1.5865525,6.0019445,,,,,,,,,,,,,,
34900,2.118027,3.9709928,,,,,,,,,,,,,,
35000,1.258455,5.6720085,,,,,,,,,,,,,,
35100,2.1133506,4.0193734,,,,,,,,,,,,,,
35200,2.453908,3.9297128,,,,,,,,,,,,,,
35300,1.4269857,5.7989964,,,,,,,,,,,,,,
35400,2.0553298,4.171709,,,,,,,,,,,,,,
35500,2.8473966,3.9237785,,,,,,,,,,,,,,
35559,,,0.3468945324420929,3.067906618118286,0.3247199952602386,3.1945621967315674,50000.0,0.2464000135660171,3.762542724609375,10000.0,15587.47406411171,16756.252625465393,15587.47406411171,1165.767344236374,1.1344411373138428,0.0
35600,2.7096655,3.869912,,,,,,,,,,,,,,
35700,1.9380214,4.4388347,,,,,,,,,,,,,,
35800,2.2052922,3.8322096,,,,,,,,,,,,,,
35900,2.9125018,3.9258237,,,,,,,,,,,,,,
36000,2.9793677,3.9335408,,,,,,,,,,,,,,
36100,2.5920975,4.01598,,,,,,,,,,,,,,
36200,2.8982549,4.02515,,,,,,,,,,,,,,
36300,1.9909855,4.2704983,,,,,,,,,,,,,,
36400,1.8026161,4.7922745,,,,,,,,,,,,,,
36500,2.162195,4.10664,,,,,,,,,,,,,,
36515,,,0.3603320121765136,3.047800779342652,0.3346399962902069,3.181777000427246,50000.0,0.2572000026702881,3.711558103561402,10000.0,16007.559880256653,17208.961653232574,16007.559880256653,1198.308322906494,1.166208028793335,0.0
36600,1.9306271,4.2453523,,,,,,,,,,,,,,
36700,2.996065,4.1552424,,,,,,,,,,,,,,
36800,2.3127239,4.4125853,,,,,,,,,,,,,,
36900,2.0599387,4.1551886,,,,,,,,,,,,,,
37000,2.0932117,4.565648,,,,,,,,,,,,,,
37100,2.0023975,4.6782,,,,,,,,,,,,,,
37200,3.2242525,3.906845,,,,,,,,,,,,,,
37300,2.3857086,3.8808706,,,,,,,,,,,,,,
37400,2.5140283,3.9402864,,,,,,,,,,,,,,
37469,,,0.3603515625,3.054173231124878,0.3296599984169006,3.207209825515747,50000.0,0.2514000236988067,3.7480833530426025,10000.0,16427.60302042961,17663.985150814056,16427.60302042961,1233.201387882233,1.2044215202331543,0.0
37500,1.9082463,5.665345,,,,,,,,,,,,,,
37600,2.2278144,4.7823997,,,,,,,,,,,,,,
37700,2.5834265,4.1103554,,,,,,,,,,,,,,
37800,1.4248323,6.0359693,,,,,,,,,,,,,,
37900,3.5038817,4.027958,,,,,,,,,,,,,,
38000,1.4433523,4.9703097,,,,,,,,,,,,,,
38100,2.4748344,4.0220213,,,,,,,,,,,,,,
38200,1.3661828,5.6926517,,,,,,,,,,,,,,
38300,1.9125355,4.6768136,,,,,,,,,,,,,,
38400,1.9807022,5.0966973,,,,,,,,,,,,,,
38427,,,0.3795312345027923,2.91584587097168,0.3359200060367584,3.148961544036865,50000.0,0.2596000134944916,3.7040395736694336,10000.0,16847.658194303513,18116.63512992859,16847.658194303513,1265.7153153419497,1.235898733139038,0.0
38500,2.255072,4.142607,,,,,,,,,,,,,,
38600,2.3330166,4.3064466,,,,,,,,,,,,,,
38700,2.2387311,4.0477753,,,,,,,,,,,,,,
38800,2.2369273,3.8328204,,,,,,,,,,,,,,
38900,2.6806958,4.055563,,,,,,,,,,,,,,
39000,2.551756,4.2135997,,,,,,,,,,,,,,
39100,1.4624094,6.0126677,,,,,,,,,,,,,,
39200,2.0418375,3.954265,,,,,,,,,,,,,,
39300,1.9739215,3.9572928,,,,,,,,,,,,,,
39384,,,0.3618359267711639,2.9927308559417725,0.3367199897766113,3.128002405166626,50000.0,0.2596000134944916,3.680310249328613,10000.0,17267.669237613678,18570.04074716568,17267.669237613678,1299.0236039161682,1.27189040184021,0.0
39400,2.0411146,4.653482,,,,,,,,,,,,,,
39500,1.6113112,5.8364987,,,,,,,,,,,,,,
39600,2.9392402,3.9133058,,,,,,,,,,,,,,
39700,2.3549159,4.106479,,,,,,,,,,,,,,
39800,2.3494236,4.085961,,,,,,,,,,,,,,
39900,2.1741793,3.9677954,,,,,,,,,,,,,,
40000,2.9509683,4.068787,,,,,,,,,,,,,,
40100,2.8035755,3.8912897,,,,,,,,,,,,,,
40200,1.4532117,5.9712734,,,,,,,,,,,,,,
40300,1.9593328,5.466454,,,,,,,,,,,,,,
40338,,,0.3649023473262787,2.9544484615325928,0.3425999879837036,3.0795042514801025,50000.0,0.2621000111103058,3.64476490020752,10000.0,17687.70583176613,19025.67421722412,17687.70583176613,1334.5373511314392,1.3051905632019043,0.0
40400,1.6054896,5.4760866,,,,,,,,,,,,,,
40500,2.5479865,4.1651387,,,,,,,,,,,,,,
40600,1.8051696,5.4765916,,,,,,,,,,,,,,
40700,2.212139,4.4789205,,,,,,,,,,,,,,
40800,2.2806137,3.9591117,,,,,,,,,,,,,,
40900,2.015762,4.3300653,,,,,,,,,,,,,,
41000,2.5494509,4.081215,,,,,,,,,,,,,,
41100,2.7780647,3.9802055,,,,,,,,,,,,,,
41200,1.8889223,5.124254,,,,,,,,,,,,,,
41291,,,0.3660937547683716,2.981050729751587,0.3359200060367584,3.1409387588500977,50000.0,0.2565000057220459,3.692904949188232,10000.0,18107.897785902023,19481.20530819893,18107.897785902023,1369.791145324707,1.3411321640014648,0.0
41300,2.2287328,4.2026424,,,,,,,,,,,,,,
41400,2.404294,4.315462,,,,,,,,,,,,,,
41500,2.9893217,4.07683,,,,,,,,,,,,,,
41600,2.3074474,4.399236,,,,,,,,,,,,,,
41700,2.3718824,4.161398,,,,,,,,,,,,,,
41800,2.1402187,3.9275181,,,,,,,,,,,,,,
41900,2.7505171,3.9096014,,,,,,,,,,,,,,
42000,2.2054062,3.9288716,,,,,,,,,,,,,,
42100,1.574016,5.4726458,,,,,,,,,,,,,,
42200,1.6980364,6.0443473,,,,,,,,,,,,,,
42246,,,0.3611132800579071,3.0454471111297607,0.3257399797439575,3.209402322769165,50000.0,0.2533999979496002,3.7288997173309326,10000.0,18528.010200738907,19934.06742334366,18528.010200738907,1402.4563009738922,1.3767805099487305,0.0
42300,2.4305537,3.850948,,,,,,,,,,,,,,
42400,2.0529053,4.441096,,,,,,,,,,,,,,
42500,2.2958608,3.9542012,,,,,,,,,,,,,,
42600,2.9686713,4.0204906,,,,,,,,,,,,,,
42700,1.5718094,5.513112,,,,,,,,,,,,,,
42800,2.6135962,4.5253177,,,,,,,,,,,,,,
42900,1.3991343,6.073735,,,,,,,,,,,,,,
43000,1.7443854,5.488917,,,,,,,,,,,,,,
43100,2.403447,4.3511176,,,,,,,,,,,,,,
43200,2.4078517,3.9524407,,,,,,,,,,,,,,
43201,,,0.3690038919448852,3.001994371414185,0.3428399860858917,3.130025625228882,50000.0,0.2632000148296356,3.697454929351807,10000.0,18948.30187010765,20388.70408916473,18948.30187010765,1436.7108063697815,1.417863368988037,0.0
43300,2.1310272,3.9015827,,,,,,,,,,,,,,
43400,2.101206,4.1048427,,,,,,,,,,,,,,
43500,2.6113389,4.009125,,,,,,,,,,,,,,
43600,2.628211,4.1600366,,,,,,,,,,,,,,
43700,1.5550474,5.339658,,,,,,,,,,,,,,
43800,2.7268968,5.358403,,,,,,,,,,,,,,
43900,1.5918381,5.6369796,,,,,,,,,,,,,,
44000,2.3946118,3.9569726,,,,,,,,,,,,,,
44100,3.177761,3.903334,,,,,,,,,,,,,,
44158,,,0.3558984398841858,3.062349796295166,0.3324799835681915,3.198789358139038,50000.0,0.2511000037193298,3.737135410308838,10000.0,19368.42453813553,20844.684031248093,19368.42453813553,1472.4868853092194,1.4487526416778564,0.0
44200,1.5253878,5.9953027,,,,,,,,,,,,,,
44300,2.266116,3.9176872,,,,,,,,,,,,,,
44400,2.4309437,3.9613962,,,,,,,,,,,,,,
44500,2.065411,4.0223837,,,,,,,,,,,,,,
44600,2.523524,4.0893106,,,,,,,,,,,,,,
44700,2.272472,4.435178,,,,,,,,,,,,,,
44800,2.9189446,3.8869545,,,,,,,,,,,,,,
44900,2.430141,3.8905354,,,,,,,,,,,,,,
45000,2.4708865,3.8532436,,,,,,,,,,,,,,
45100,1.882221,4.847311,,,,,,,,,,,,,,
45113,,,0.3836718797683716,2.896036386489868,0.345579981803894,3.0900166034698486,50000.0,0.2707000076770782,3.6328916549682617,10000.0,19788.51756286621,21297.647901773453,19788.51756286621,1505.2774744033811,1.4801814556121826,0.0
45200,2.140693,4.549616,,,,,,,,,,,,,,
45300,2.5276303,3.8755708,,,,,,,,,,,,,,
45400,1.8367057,5.520165,,,,,,,,,,,,,,
45500,2.7768555,3.9200306,,,,,,,,,,,,,,
45600,1.7082504,5.448296,,,,,,,,,,,,,,
45700,2.588675,3.6625228,,,,,,,,,,,,,,
45800,2.4334917,4.055416,,,,,,,,,,,,,,
45900,2.3353186,4.0196624,,,,,,,,,,,,,,
46000,2.8706708,4.127413,,,,,,,,,,,,,,
46067,,,0.3696874976158142,2.988891839981079,0.3438999950885772,3.1191623210906982,50000.0,0.2614000141620636,3.692947149276733,10000.0,20208.5385389328,21750.228038072582,20208.5385389328,1537.750998020172,1.5167059898376465,0.0
46100,2.8440933,4.010396,,,,,,,,,,,,,,
46200,1.6405748,5.2396994,,,,,,,,,,,,,,
46300,2.190891,4.301944,,,,,,,,,,,,,,
46400,3.6230156,3.946466,,,,,,,,,,,,,,
46500,2.596116,3.9373324,,,,,,,,,,,,,,
46600,2.5606506,4.516027,,,,,,,,,,,,,,
46700,2.3403935,4.0175915,,,,,,,,,,,,,,
46800,2.480613,4.0162206,,,,,,,,,,,,,,
46900,2.5267117,3.9386387,,,,,,,,,,,,,,
47000,2.5906546,3.9445808,,,,,,,,,,,,,,
47023,,,0.3729101419448852,2.938286066055298,0.3481799960136413,3.06262469291687,50000.0,0.2650000154972076,3.638794422149658,10000.0,20628.638184785843,22203.916159152985,20628.638184785843,1571.2575554847715,1.5501482486724854,0.0
47100,3.0297215,3.9439285,,,,,,,,,,,,,,
47200,2.725732,3.8883512,,,,,,,,,,,,,,
47300,2.540751,4.2819357,,,,,,,,,,,,,,
47400,1.5906274,5.319191,,,,,,,,,,,,,,
47500,1.5203153,5.8478713,,,,,,,,,,,,,,
47600,2.3193908,4.062186,,,,,,,,,,,,,,
47700,2.4799857,3.946391,,,,,,,,,,,,,,
47800,2.4027216,4.2978907,,,,,,,,,,,,,,
47900,2.6012585,3.9634128,,,,,,,,,,,,,,
47976,,,0.3730273246765136,2.938786506652832,0.3463000059127807,3.0767030715942383,50000.0,0.2666999995708465,3.635519742965698,10000.0,21048.732179641724,22657.359414815903,21048.732179641724,1604.522446155548,1.5850682258605957,0.0
48000,2.6030526,4.0981903,,,,,,,,,,,,,,
48100,2.6269042,4.0237083,,,,,,,,,,,,,,
48200,1.9162741,4.471481,,,,,,,,,,,,,,
48300,2.4177487,3.856826,,,,,,,,,,,,,,
48400,2.3152034,3.8429406,,,,,,,,,,,,,,
48500,2.0830722,4.331457,,,,,,,,,,,,,,
48600,1.9115742,4.5985546,,,,,,,,,,,,,,
48700,1.322425,5.9298863,,,,,,,,,,,,,,
48800,3.1153524,3.7844357,,,,,,,,,,,,,,
48900,2.9289854,3.8145862,,,,,,,,,,,,,,
48930,,,0.3961523473262787,2.802994966506958,0.347379982471466,3.067188262939453,50000.0,0.2573000192642212,3.643263816833496,10000.0,21468.88386678696,23112.942512750626,21468.88386678696,1639.8722484111786,1.6174871921539309,0.0
49000,1.6211215,5.4651074,,,,,,,,,,,,,,
49100,2.3909447,3.8134892,,,,,,,,,,,,,,
49200,2.078178,4.5863943,,,,,,,,,,,,,,
49300,2.9095368,3.9516957,,,,,,,,,,,,,,
49400,3.0091171,3.8104377,,,,,,,,,,,,,,
49500,2.1432998,4.4432945,,,,,,,,,,,,,,
49600,2.39408,4.0414104,,,,,,,,,,,,,,
49700,1.8368038,5.920645,,,,,,,,,,,,,,
49800,2.062141,3.8608913,,,,,,,,,,,,,,
49886,,,0.3732226490974426,2.9290995597839355,0.3478599786758423,3.0630695819854736,50000.0,0.2665000259876251,3.626173973083496,10000.0,21888.892723083496,23567.84107255936,21888.892723083496,1674.678575515747,1.651539325714111,0.0
49900,1.6133486,5.4293675,,,,,,,,,,,,,,
50000,2.4990735,3.879025,,,,,,,,,,,,,,
50100,3.0443778,3.8725686,,,,,,,,,,,,,,
50200,2.3688788,3.9047163,,,,,,,,,,,,,,
50300,1.9772996,4.6450257,,,,,,,,,,,,,,
50400,1.4312254,6.014138,,,,,,,,,,,,,,
50500,2.5444548,4.0699725,,,,,,,,,,,,,,
50600,2.3236163,5.031985,,,,,,,,,,,,,,
50700,2.5740874,3.8939435,,,,,,,,,,,,,,
50800,1.688761,5.9863324,,,,,,,,,,,,,,
50844,,,0.3807421922683716,2.9047060012817383,0.3520199954509735,3.0415186882019043,50000.0,0.2706000208854675,3.605085611343384,10000.0,22308.86731219292,24023.006611585617,22308.86731219292,1709.779715538025,1.6908848285675049,0.0
50900,2.8873932,4.0329504,,,,,,,,,,,,,,
51000,2.4503536,3.7931924,,,,,,,,,,,,,,
51100,2.3563144,4.16976,,,,,,,,,,,,,,
51200,2.1018994,4.6799774,,,,,,,,,,,,,,
51300,2.670571,3.9047487,,,,,,,,,,,,,,
51400,2.6802049,3.721147,,,,,,,,,,,,,,
51500,3.1024206,3.8265321,,,,,,,,,,,,,,
51600,2.336051,4.315128,,,,,,,,,,,,,,
51700,2.6461976,3.8298185,,,,,,,,,,,,,,
51799,,,0.3823437392711639,2.905763864517212,0.3556199967861175,3.0417680740356445,50000.0,0.2705000042915344,3.604042053222656,10000.0,22728.97066307068,24477.934334278107,22728.97066307068,1744.5209431648254,1.724247932434082,0.0
51800,1.8853874,4.8416796,,,,,,,,,,,,,,
51900,2.2902825,6.12619,,,,,,,,,,,,,,
52000,2.7490654,3.7784624,,,,,,,,,,,,,,
52100,3.470587,4.27185,,,,,,,,,,,,,,
52200,2.3884618,3.9238243,,,,,,,,,,,,,,
52300,2.6142585,3.9574823,,,,,,,,,,,,,,
52400,2.5838864,3.745809,,,,,,,,,,,,,,
52500,1.7417988,5.6439137,,,,,,,,,,,,,,
52600,2.5034375,3.966412,,,,,,,,,,,,,,
52700,2.9111404,3.8999677,,,,,,,,,,,,,,
52754,,,0.3956640660762787,2.8189172744750977,0.366019994020462,2.955578088760376,50000.0,0.2833999991416931,3.5107786655426025,10000.0,23149.22064089775,24930.718945980072,23149.22064089775,1776.9728407859802,1.7584922313690186,0.0
52800,1.7019796,6.0124164,,,,,,,,,,,,,,
52900,2.2737548,3.900312,,,,,,,,,,,,,,
53000,2.8520799,3.9580078,,,,,,,,,,,,,,
53100,1.9904813,5.0757217,,,,,,,,,,,,,,
53200,2.6064568,4.3107452,,,,,,,,,,,,,,
53300,1.5443113,5.590596,,,,,,,,,,,,,,
53400,2.6081486,3.9282885,,,,,,,,,,,,,,
53500,2.4043727,3.722373,,,,,,,,,,,,,,
53600,2.6236565,3.789916,,,,,,,,,,,,,,
53700,2.9767575,3.8904817,,,,,,,,,,,,,,
53709,,,0.3881250023841858,2.8652215003967285,0.363099992275238,3.0095834732055664,50000.0,0.2736000120639801,3.567934989929199,10000.0,23569.211265563965,25384.377741336823,23569.211265563965,1810.5585277080536,1.7922120094299316,0.0
53800,2.6830306,3.8008938,,,,,,,,,,,,,,
53900,2.1460495,5.961172,,,,,,,,,,,,,,
54000,2.4582465,3.8588884,,,,,,,,,,,,,,
54100,2.7220707,3.8800976,,,,,,,,,,,,,,
54200,3.2792065,3.7588165,,,,,,,,,,,,,,
54300,2.560405,3.9046926,,,,,,,,,,,,,,
54400,1.5957448,6.03466,,,,,,,,,,,,,,
54500,2.7072003,3.7900944,,,,,,,,,,,,,,
54600,2.760974,3.7627811,,,,,,,,,,,,,,
54663,,,0.3816796839237213,2.909437417984009,0.3526999950408935,3.065969228744507,50000.0,0.2679000198841095,3.6185414791107178,10000.0,23989.22864151001,25839.93109703064,23989.22864151001,1846.011459112168,1.8259155750274656,0.0
54700,2.4567266,4.631032,,,,,,,,,,,,,,
54800,2.9281616,3.8069673,,,,,,,,,,,,,,
54900,2.6617796,3.861716,,,,,,,,,,,,,,
55000,2.294235,3.7949588,,,,,,,,,,,,,,
55100,2.6659229,3.7487838,,,,,,,,,,,,,,
55200,2.8941095,3.9374213,,,,,,,,,,,,,,
55300,2.783907,3.761279,,,,,,,,,,,,,,
55400,2.5932264,3.9626775,,,,,,,,,,,,,,
55500,2.4609401,3.723813,,,,,,,,,,,,,,
55600,2.5872805,4.143908,,,,,,,,,,,,,,
55619,,,0.4126366972923279,2.704977035522461,0.3681599795818329,2.930344820022583,50000.0,0.2845000028610229,3.497191905975342,10000.0,24409.160007238388,26294.584654808044,24409.160007238388,1880.6476199626925,1.863431453704834,0.0
55700,2.292128,4.04265,,,,,,,,,,,,,,
55800,1.847826,5.2114015,,,,,,,,,,,,,,
55900,2.4244494,3.853129,,,,,,,,,,,,,,
56000,3.260318,3.9344163,,,,,,,,,,,,,,
56100,2.8595247,3.9122016,,,,,,,,,,,,,,
56200,3.9435759,3.8187237,,,,,,,,,,,,,,
56300,2.4275496,3.8366866,,,,,,,,,,,,,,
56400,2.9436295,3.7783127,,,,,,,,,,,,,,
56500,1.5209396,5.9783583,,,,,,,,,,,,,,
56575,,,0.3998242020606994,2.790466547012329,0.3653799891471863,2.9506731033325195,50000.0,0.2787000238895416,3.5301334857940674,10000.0,24829.115458011627,26749.18279147148,24829.115458011627,1915.2086129188533,1.896008968353272,0.0
56600,1.8839742,4.846975,,,,,,,,,,,,,,
56700,2.8417556,3.6305466,,,,,,,,,,,,,,
56800,2.6599817,3.8186727,,,,,,,,,,,,,,
56900,3.0859838,3.798846,,,,,,,,,,,,,,
57000,2.1232948,4.9160247,,,,,,,,,,,,,,
57100,2.9006534,3.8503532,,,,,,,,,,,,,,
57200,2.355673,3.8300586,,,,,,,,,,,,,,
57300,2.8143215,3.8709483,,,,,,,,,,,,,,
57400,2.484357,3.7125077,,,,,,,,,,,,,,
57500,3.0811925,3.7999704,,,,,,,,,,,,,,
57532,,,0.3927148282527923,2.8494160175323486,0.3643999993801117,2.9842076301574707,50000.0,0.2782000005245209,3.5682473182678223,10000.0,25249.15094804764,27204.032745361328,25249.15094804764,1949.938624382019,1.9310405254364007,0.0
57600,3.2168229,3.7247882,,,,,,,,,,,,,,
57700,2.2724788,5.5286837,,,,,,,,,,,,,,
57800,1.6260791,6.003617,,,,,,,,,,,,,,
57900,2.5706842,3.8385136,,,,,,,,,,,,,,
58000,3.086432,3.855364,,,,,,,,,,,,,,
58100,1.8772962,5.4125853,,,,,,,,,,,,,,
58200,2.8637362,3.6759346,,,,,,,,,,,,,,
58300,2.1959412,4.959279,,,,,,,,,,,,,,
58400,2.668196,3.749834,,,,,,,,,,,,,,
58488,,,0.407050758600235,2.7411677837371826,0.3735199868679046,2.925625801086426,50000.0,0.282800018787384,3.5247697830200195,10000.0,25669.1936109066,27658.4864358902,25669.1936109066,1984.2664811611176,1.965187788009644,0.0
58500,2.3835533,4.7571383,,,,,,,,,,,,,,
58600,2.526174,3.866849,,,,,,,,,,,,,,
58700,2.8789568,3.8035712,,,,,,,,,,,,,,
58800,3.0368974,3.6462855,,,,,,,,,,,,,,
58900,2.712908,3.7257538,,,,,,,,,,,,,,
59000,2.59829,4.037196,,,,,,,,,,,,,,
59100,2.6397603,3.8117766,,,,,,,,,,,,,,
59200,3.288564,3.728644,,,,,,,,,,,,,,
59300,2.0441482,5.156596,,,,,,,,,,,,,,
59400,1.8678449,5.14767,,,,,,,,,,,,,,
59442,,,0.4171093702316284,2.7000203132629395,0.3750199973583221,2.9124743938446045,50000.0,0.2892000079154968,3.4824774265289307,10000.0,26089.43024849892,28112.814841985703,26089.43024849892,2018.2725689411163,2.0014870166778564,0.0
59500,2.4398768,4.190827,,,,,,,,,,,,,,
59600,1.7739704,6.045374,,,,,,,,,,,,,,
59700,2.182266,4.4774446,,,,,,,,,,,,,,
59800,2.6776197,3.8203256,,,,,,,,,,,,,,
59900,2.3464222,4.847094,,,,,,,,,,,,,,
60000,2.4132977,4.452605,,,,,,,,,,,,,,
60100,2.314444,4.278109,,,,,,,,,,,,,,
60200,3.4225001,3.8305707,,,,,,,,,,,,,,
60300,1.9804116,4.875324,,,,,,,,,,,,,,
60395,,,0.4028710722923279,2.7933104038238525,0.3740399777889251,2.9405677318573,50000.0,0.2849000096321106,3.5250399112701416,10000.0,26509.748934984207,28567.637597084045,26509.748934984207,2052.6937069892883,2.03582501411438,0.0
60400,2.267737,4.3078938,,,,,,,,,,,,,,
60500,3.308298,4.0551405,,,,,,,,,,,,,,
60600,2.4281526,3.9993472,,,,,,,,,,,,,,
60700,2.7725136,3.7463331,,,,,,,,,,,,,,
60800,2.7724864,3.7418802,,,,,,,,,,,,,,
60900,2.657807,4.174883,,,,,,,,,,,,,,
61000,2.1754293,5.77308,,,,,,,,,,,,,,
61100,2.200243,4.8592434,,,,,,,,,,,,,,
61200,2.5539014,3.7947583,,,,,,,,,,,,,,
61300,2.0262773,5.975397,,,,,,,,,,,,,,
61351,,,0.4111718535423279,2.7346184253692627,0.3802399933338165,2.8936967849731445,50000.0,0.2930000126361847,3.4721434116363525,10000.0,26929.72420358658,29023.903032779694,26929.72420358658,2088.895889759064,2.074652910232544,0.0
61400,2.8052046,3.7888403,,,,,,,,,,,,,,
61500,1.7214073,5.9030857,,,,,,,,,,,,,,
61600,2.598289,4.1952243,,,,,,,,,,,,,,
61700,2.5747464,4.0272274,,,,,,,,,,,,,,
61800,3.1524897,3.7446785,,,,,,,,,,,,,,
61900,1.7887276,5.5740147,,,,,,,,,,,,,,
62000,2.646523,4.0786123,,,,,,,,,,,,,,
62100,2.8533645,3.5509744,,,,,,,,,,,,,,
62200,2.7900426,3.847931,,,,,,,,,,,,,,
62300,3.346493,3.6151235,,,,,,,,,,,,,,
62306,,,0.4198046922683716,2.685068368911743,0.3823799788951874,2.8739309310913086,50000.0,0.297400027513504,3.457258462905884,10000.0,27350.0544872284,29478.927268743515,27350.0544872284,2123.5060818195343,2.109692573547364,0.0
62400,2.7053204,3.789293,,,,,,,,,,,,,,
62500,2.4696472,3.9352224,,,,,,,,,,,,,,
62600,2.60316,3.6889763,,,,,,,,,,,,,,
62700,1.8599578,5.7101007,,,,,,,,,,,,,,
62800,2.6103153,3.5895734,,,,,,,,,,,,,,
62900,3.7692697,3.6036997,,,,,,,,,,,,,,
63000,1.7776314,5.8028197,,,,,,,,,,,,,,
63100,3.5405579,3.7104177,,,,,,,,,,,,,,
63200,2.8699937,3.6913905,,,,,,,,,,,,,,
63262,,,0.4096093773841858,2.743590831756592,0.3824999928474426,2.883018732070923,50000.0,0.2920000255107879,3.4687719345092773,10000.0,27770.002935409542,29933.56801223755,27770.002935409542,2158.1139216423035,2.1448121070861816,0.0
63300,1.6856006,5.7975483,,,,,,,,,,,,,,
63400,2.8679047,3.6074052,,,,,,,,,,,,,,
63500,2.6793442,4.112411,,,,,,,,,,,,,,
63600,2.4438148,4.2537975,,,,,,,,,,,,,,
63700,3.2921498,3.6122496,,,,,,,,,,,,,,
63800,2.2156107,5.0965605,,,,,,,,,,,,,,
63900,2.7039628,3.6160886,,,,,,,,,,,,,,
64000,2.9442053,3.6381395,,,,,,,,,,,,,,
64100,2.4719644,5.967391,,,,,,,,,,,,,,
64200,1.9855839,4.8942685,,,,,,,,,,,,,,
64220,,,0.412421852350235,2.717803955078125,0.3873399794101715,2.8563382625579834,50000.0,0.2950000166893005,3.4470670223236084,10000.0,28189.9220237732,30387.65852332115,28189.9220237732,2192.1975376605988,2.1832895278930664,0.0
64300,2.9924393,3.7644749,,,,,,,,,,,,,,
64400,3.1471112,3.7063403,,,,,,,,,,,,,,
64500,2.4730866,3.6749208,,,,,,,,,,,,,,
64600,3.6051092,3.6451247,,,,,,,,,,,,,,
64700,2.8170967,3.697307,,,,,,,,,,,,,,
64800,1.6688212,5.8663244,,,,,,,,,,,,,,
64900,2.7270205,3.617151,,,,,,,,,,,,,,
65000,2.439772,5.8765807,,,,,,,,,,,,,,
65100,2.6000144,5.972819,,,,,,,,,,,,,,
65174,,,0.42236328125,2.6894218921661377,0.391539990901947,2.8533527851104736,50000.0,0.2939999997615814,3.4482126235961914,10000.0,28609.98841404915,30842.33826398849,28609.98841404915,2226.725862264633,2.219536542892456,0.0
65200,3.4918165,3.8198898,,,,,,,,,,,,,,
65300,3.074468,3.686934,,,,,,,,,,,,,,
65400,3.0477617,3.6726885,,,,,,,,,,,,,,
65500,3.2271373,3.6469116,,,,,,,,,,,,,,
65600,3.2778316,3.6059437,,,,,,,,,,,,,,
65700,1.9478045,5.2507133,,,,,,,,,,,,,,
65800,2.7621577,3.5826674,,,,,,,,,,,,,,
65900,2.4913259,4.2593637,,,,,,,,,,,,,,
66000,3.0272617,3.8364806,,,,,,,,,,,,,,
66100,2.0028946,5.9137816,,,,,,,,,,,,,,
66130,,,0.4396484196186065,2.6259541511535645,0.3894799947738647,2.868836164474488,50000.0,0.3004000186920166,3.450183391571045,10000.0,29030.33997130394,31297.706953287125,29030.33997130394,2261.654350757599,2.2596826553344727,0.0
66200,2.8146043,3.563742,,,,,,,,,,,,,,
66300,2.3098536,5.869537,,,,,,,,,,,,,,
66400,2.260275,5.9137955,,,,,,,,,,,,,,
66500,2.5516374,4.365704,,,,,,,,,,,,,,
66600,2.2720823,4.802426,,,,,,,,,,,,,,
66700,3.07053,3.5865045,,,,,,,,,,,,,,
66800,2.7292578,4.229052,,,,,,,,,,,,,,
66900,2.9286942,3.624938,,,,,,,,,,,,,,
67000,2.3300922,4.5944176,,,,,,,,,,,,,,
67086,,,0.419257789850235,2.690415382385254,0.3902799785137176,2.8248825073242188,50000.0,0.2989000082015991,3.409515857696533,10000.0,29450.426865577698,31752.64272928238,29450.426865577698,2296.416707754135,2.2979235649108887,0.0
67100,2.184188,5.7291822,,,,,,,,,,,,,,
67200,2.6607168,3.6177692,,,,,,,,,,,,,,
67300,2.8672953,3.99283,,,,,,,,,,,,,,
67400,3.2012014,3.6578774,,,,,,,,,,,,,,
67500,2.1058316,4.8182592,,,,,,,,,,,,,,
67600,3.3064241,3.6072655,,,,,,,,,,,,,,
67700,2.0717638,4.7446113,,,,,,,,,,,,,,
67800,3.2960737,3.6711903,,,,,,,,,,,,,,
67900,3.2218332,3.6515737,,,,,,,,,,,,,,
68000,2.782814,3.4138606,,,,,,,,,,,,,,
68042,,,0.4266015589237213,2.639876127243042,0.3969399929046631,2.794029951095581,50000.0,0.3065000176429748,3.38494086265564,10000.0,29870.54521203041,32207.59947896004,29870.54521203041,2331.1707887649536,2.3332114219665527,0.0
68100,1.7459329,5.8825483,,,,,,,,,,,,,,
68200,2.8815882,3.6269338,,,,,,,,,,,,,,
68300,2.9387794,3.7710402,,,,,,,,,,,,,,
68400,3.271189,4.668381,,,,,,,,,,,,,,
68500,3.3512845,3.6983175,,,,,,,,,,,,,,
68600,3.3104274,3.6937187,,,,,,,,,,,,,,
68700,3.363527,3.6283414,,,,,,,,,,,,,,
68800,2.3826723,4.7056885,,,,,,,,,,,,,,
68900,3.3247502,3.6662402,,,,,,,,,,,,,,
68998,,,0.4411523342132568,2.541642427444458,0.4056399762630462,2.717414379119873,50000.0,0.31700000166893,3.2919061183929443,10000.0,30290.507677555084,32663.27283859253,30290.507677555084,2366.797499656677,2.368504285812378,0.0
69000,3.2131665,3.5756893,,,,,,,,,,,,,,
69100,3.2477543,3.559318,,,,,,,,,,,,,,
69200,3.5854132,3.7135575,,,,,,,,,,,,,,
69300,2.5416424,3.8923366,,,,,,,,,,,,,,
69400,3.3447957,4.12696,,,,,,,,,,,,,,
69500,3.0324361,3.670546,,,,,,,,,,,,,,
69600,3.4886637,3.6138616,,,,,,,,,,,,,,
69700,3.2416961,3.5941818,,,,,,,,,,,,,,
69800,1.582245,5.7452865,,,,,,,,,,,,,,
69900,3.059943,4.084715,,,,,,,,,,,,,,
69950,,,0.4371484220027923,2.595494747161865,0.4044199883937835,2.752366542816162,50000.0,0.3060000240802765,3.3428795337677,10000.0,30710.672509670258,33117.04803776741,30710.672509670258,2400.319145441056,2.408116340637207,0.0
70000,3.0251164,3.6173396,,,,,,,,,,,,,,
70100,2.7909887,4.229631,,,,,,,,,,,,,,
70200,3.3113291,3.627727,,,,,,,,,,,,,,
70300,2.8744082,3.9295082,,,,,,,,,,,,,,
70400,3.5428696,3.6005473,,,,,,,,,,,,,,
70500,2.891013,3.9646702,,,,,,,,,,,,,,
70600,2.2686672,4.6641493,,,,,,,,,,,,,,
70700,2.2497003,5.915123,,,,,,,,,,,,,,
70800,2.8743272,3.5200553,,,,,,,,,,,,,,
70900,3.1098773,3.6153202,,,,,,,,,,,,,,
70902,,,0.4342773258686065,2.5797274112701416,0.4010999798774719,2.735036611557007,50000.0,0.3107000291347503,3.3307044506073,10000.0,31130.69681406021,33570.30560827255,31130.69681406021,2433.466738224029,2.4444329738616943,0.0
71000,3.066283,3.7230988,,,,,,,,,,,,,,
71100,1.8996679,5.7002344,,,,,,,,,,,,,,
71200,3.2344985,3.570743,,,,,,,,,,,,,,
71300,2.806,4.2911196,,,,,,,,,,,,,,
71400,4.130449,3.7041597,,,,,,,,,,,,,,
71500,1.6560327,5.580497,,,,,,,,,,,,,,
71600,3.179354,3.5914211,,,,,,,,,,,,,,
71700,3.3052075,3.5322773,,,,,,,,,,,,,,
71800,2.5349228,4.0683675,,,,,,,,,,,,,,
71854,,,0.4424218535423279,2.555250406265259,0.4060199856758117,2.7289011478424072,50000.0,0.3137000203132629,3.312324047088623,10000.0,31551.021771669388,34025.206241846085,31551.021771669388,2467.955347776413,2.4815492630004883,0.0
71900,2.8998456,3.5355258,,,,,,,,,,,,,,
72000,3.3841815,3.743445,,,,,,,,,,,,,,
72100,1.9225818,5.891577,,,,,,,,,,,,,,
72200,3.3014867,3.6937966,,,,,,,,,,,,,,
72300,2.36058,4.318382,,,,,,,,,,,,,,
72400,3.0517952,3.6361952,,,,,,,,,,,,,,
72500,3.507016,3.5961883,,,,,,,,,,,,,,
72600,3.5978453,3.536742,,,,,,,,,,,,,,
72700,3.7003093,3.5664654,,,,,,,,,,,,,,
72800,3.2845666,4.1208797,,,,,,,,,,,,,,
72813,,,0.453125,2.49434232711792,0.4116599857807159,2.7114548683166504,50000.0,0.3137000203132629,3.330343008041382,10000.0,31971.31732678413,34480.72684907913,31971.31732678413,2503.093304872513,2.5193586349487305,0.0
72900,3.3582866,3.5446312,,,,,,,,,,,,,,
73000,3.5607836,3.7702694,,,,,,,,,,,,,,
73100,3.041712,3.5565596,,,,,,,,,,,,,,
73200,3.3250854,3.7058005,,,,,,,,,,,,,,
73300,2.8449872,4.22563,,,,,,,,,,,,,,
73400,3.1805816,3.6581862,,,,,,,,,,,,,,
73500,3.758737,3.5897815,,,,,,,,,,,,,,
73600,2.0214286,5.8375835,,,,,,,,,,,,,,
73700,2.3201416,5.5991464,,,,,,,,,,,,,,
73771,,,0.4487109184265136,2.514183759689331,0.4168999791145324,2.6748414039611816,50000.0,0.3164000213146209,3.27974009513855,10000.0,32391.722588062286,34934.35434341431,32391.722588062286,2536.224646806717,2.5611462593078613,0.0
73800,3.311413,3.5510967,,,,,,,,,,,,,,
73900,2.559226,5.9336553,,,,,,,,,,,,,,
74000,2.5816526,4.2435474,,,,,,,,,,,,,,
74100,3.3736656,3.609566,,,,,,,,,,,,,,
74200,1.9773098,5.873789,,,,,,,,,,,,,,
74300,2.5073695,5.7233057,,,,,,,,,,,,,,
74400,3.052067,3.5623906,,,,,,,,,,,,,,
74500,3.5759947,4.1624207,,,,,,,,,,,,,,
74600,3.05487,3.5118282,,,,,,,,,,,,,,
74700,3.2029984,3.6347702,,,,,,,,,,,,,,
74727,,,0.4466210901737213,2.523651361465454,0.4185200035572052,2.6765897274017334,50000.0,0.3244000077247619,3.270991325378418,10000.0,32811.952741622925,35390.33303642273,32811.952741622925,2571.8885958194733,2.5972979068756104,0.0
74800,2.5258534,4.6159267,,,,,,,,,,,,,,
74900,2.8771057,3.7296197,,,,,,,,,,,,,,
75000,2.728484,5.820758,,,,,,,,,,,,,,
75100,3.2236605,3.864156,,,,,,,,,,,,,,
75200,2.7671852,3.9410548,,,,,,,,,,,,,,
75300,3.1426437,3.5237885,,,,,,,,,,,,,,
75400,2.8301244,3.6157293,,,,,,,,,,,,,,
75500,3.0655622,4.1150994,,,,,,,,,,,,,,
75600,3.965292,3.5685077,,,,,,,,,,,,,,
75683,,,0.4551953077316284,2.487234592437744,0.4197999835014343,2.664406538009644,50000.0,0.326200008392334,3.263746738433838,10000.0,33232.23979473114,35844.71420478821,33232.23979473114,2605.892680644989,2.63904356956482,0.0
75700,3.239719,3.6729727,,,,,,,,,,,,,,
75800,2.9155788,4.140752,,,,,,,,,,,,,,
75900,3.1935346,3.4664598,,,,,,,,,,,,,,
76000,2.4997284,4.7485433,,,,,,,,,,,,,,
76100,2.590513,4.498913,,,,,,,,,,,,,,
76200,4.2316303,3.6154137,,,,,,,,,,,,,,
76300,3.077045,4.152633,,,,,,,,,,,,,,
76400,3.4743364,3.5411916,,,,,,,,,,,,,,
76500,2.5589213,4.9399495,,,,,,,,,,,,,,
76600,3.663397,3.640106,,,,,,,,,,,,,,
76642,,,0.4731835722923279,2.4050159454345703,0.4207599759101867,2.6486752033233643,50000.0,0.324500024318695,3.258951663970948,10000.0,33652.58596467972,36299.73660778999,33652.58596467972,2640.480087518692,2.678222417831421,0.0
76700,3.2581446,3.8913693,,,,,,,,,,,,,,
76800,2.5951982,4.2960463,,,,,,,,,,,,,,
76900,3.22063,4.096312,,,,,,,,,,,,,,
77000,3.9347725,3.565772,,,,,,,,,,,,,,
77100,2.6218505,4.619874,,,,,,,,,,,,,,
77200,3.6207323,3.3668575,,,,,,,,,,,,,,
77300,2.5270736,5.6928887,,,,,,,,,,,,,,
77400,2.5103285,4.719243,,,,,,,,,,,,,,
77500,3.625141,3.3354003,,,,,,,,,,,,,,
77599,,,0.4570507705211639,2.4783360958099365,0.4269799888134002,2.631601095199585,50000.0,0.3315000236034393,3.2325680255889893,10000.0,34072.827563762665,36754.324315309525,34072.827563762665,2674.739593029022,2.714853048324585,0.0
77600,3.51607,3.4264622,,,,,,,,,,,,,,
77700,3.681773,3.7735953,,,,,,,,,,,,,,
77800,2.304688,5.7211876,,,,,,,,,,,,,,
77900,3.1569169,3.6355414,,,,,,,,,,,,,,
78000,3.532248,3.3933804,,,,,,,,,,,,,,
78100,3.399492,3.522647,,,,,,,,,,,,,,
78200,3.5435562,3.5052388,,,,,,,,,,,,,,
78300,3.7009587,3.5458412,,,,,,,,,,,,,,
78400,3.2298253,3.4113243,,,,,,,,,,,,,,
78500,2.3087952,5.0563335,,,,,,,,,,,,,,
78554,,,0.4605273306369781,2.4554388523101807,0.4234599769115448,2.6297433376312256,50000.0,0.3266000151634216,3.2341647148132324,10000.0,34492.78151655197,37210.35618185997,34492.78151655197,2710.731103658676,2.7525084018707275,0.0
78600,3.4347737,3.3979483,,,,,,,,,,,,,,
78700,2.9543748,4.095347,,,,,,,,,,,,,,
78800,3.2905746,3.5748215,,,,,,,,,,,,,,
78900,2.7556422,5.6933756,,,,,,,,,,,,,,
79000,3.126302,4.0883517,,,,,,,,,,,,,,
79100,3.0885913,5.8953576,,,,,,,,,,,,,,
79200,3.5232525,3.4865549,,,,,,,,,,,,,,
79300,2.4455018,4.3519626,,,,,,,,,,,,,,
79400,3.633138,3.8616002,,,,,,,,,,,,,,
79500,3.967661,3.450846,,,,,,,,,,,,,,
79509,,,0.4733007848262787,2.3939926624298096,0.4331399798393249,2.5953445434570312,50000.0,0.3317000269889831,3.203280210494995,10000.0,34912.73520350456,37664.85826420784,34912.73520350456,2745.1873755455017,2.7952239513397217,0.0
79600,3.593201,3.5251293,,,,,,,,,,,,,,
79700,3.0065937,3.9313421,,,,,,,,,,,,,,
79800,2.0563803,5.7615085,,,,,,,,,,,,,,
79900,2.4195337,5.576807,,,,,,,,,,,,,,
80000,3.330702,3.5618932,,,,,,,,,,,,,,
80100,3.372913,3.4908183,,,,,,,,,,,,,,
80200,3.4435246,5.593419,,,,,,,,,,,,,,
80300,2.4376128,5.192945,,,,,,,,,,,,,,
80400,3.924762,3.5236044,,,,,,,,,,,,,,
80465,,,0.4616406261920929,2.448847532272339,0.4277399778366089,2.619141101837158,50000.0,0.3353000283241272,3.20158314704895,10000.0,35332.86860775948,38119.88170814514,35332.86860775948,2779.9866840839386,2.8368773460388184,0.0
80500,2.4337974,4.8901143,,,,,,,,,,,,,,
80600,4.349501,3.3508933,,,,,,,,,,,,,,
80700,3.8180304,3.5788558,,,,,,,,,,,,,,
80800,3.5886414,4.18174,,,,,,,,,,,,,,
80900,2.2988915,5.8744216,,,,,,,,,,,,,,
81000,2.292894,5.271626,,,,,,,,,,,,,,
81100,4.251967,3.496568,,,,,,,,,,,,,,
81200,2.693746,4.4954348,,,,,,,,,,,,,,
81300,2.488793,4.9260626,,,,,,,,,,,,,,
81400,3.7233887,3.5334175,,,,,,,,,,,,,,
81419,,,0.4722851514816284,2.4035773277282715,0.4411199986934662,2.5659358501434326,50000.0,0.3407000303268432,3.163054943084717,10000.0,35752.84035778046,38574.55964803696,35752.84035778046,2814.600659608841,2.880502223968506,0.0
81500,3.957144,3.6548548,,,,,,,,,,,,,,
81600,2.8501675,3.9823287,,,,,,,,,,,,,,
81700,4.928994,3.4461753,,,,,,,,,,,,,,
81800,3.9565904,3.336442,,,,,,,,,,,,,,
81900,3.8678355,3.373461,,,,,,,,,,,,,,
82000,3.4160588,3.627621,,,,,,,,,,,,,,
82100,4.4164886,3.4721963,,,,,,,,,,,,,,
82200,2.6458094,4.510093,,,,,,,,,,,,,,
82300,3.412537,3.3655198,,,,,,,,,,,,,,
82375,,,0.4688085913658142,2.445392847061157,0.4312399923801422,2.6319172382354736,50000.0,0.3341000080108642,3.2218520641326904,10000.0,36173.00856637955,39028.9146668911,36173.00856637955,2848.701122045517,2.9178242683410645,0.0
82400,2.0908885,4.931909,,,,,,,,,,,,,,
82500,2.7803574,5.436642,,,,,,,,,,,,,,
82600,3.545395,3.2936952,,,,,,,,,,,,,,
82700,2.7817054,4.6040583,,,,,,,,,,,,,,
82800,3.7251663,3.4094603,,,,,,,,,,,,,,
82900,2.2338881,4.9181623,,,,,,,,,,,,,,
83000,3.3841164,3.5818524,,,,,,,,,,,,,,
83100,4.32147,3.4239216,,,,,,,,,,,,,,
83200,3.5641851,3.4090025,,,,,,,,,,,,,,
83300,4.1322823,3.2349203,,,,,,,,,,,,,,
83330,,,0.4887499809265136,2.305171728134156,0.4435599744319916,2.5456690788269043,50000.0,0.3430000245571136,3.17280650138855,10000.0,36593.08836936951,39483.92414498329,36593.08836936951,2883.54337143898,2.9560024738311768,0.0
83400,4.7934127,3.46053,,,,,,,,,,,,,,
83500,3.0187924,4.6101365,,,,,,,,,,,,,,
83600,3.905016,3.4274883,,,,,,,,,,,,,,
83700,3.4290657,3.9260175,,,,,,,,,,,,,,
83800,4.1838937,3.3922315,,,,,,,,,,,,,,
83900,3.5909,3.4834528,,,,,,,,,,,,,,
84000,3.9881992,3.4112954,,,,,,,,,,,,,,
84100,3.6909406,3.388284,,,,,,,,,,,,,,
84200,3.4005792,3.4402952,,,,,,,,,,,,,,
84286,,,0.4742577970027923,2.3902747631073,0.4389199912548065,2.55647349357605,50000.0,0.3409000039100647,3.1552891731262207,10000.0,37013.38368034363,39939.27848029137,37013.38368034363,2918.5105998516083,2.998648166656494,0.0
84300,2.749938,5.2996893,,,,,,,,,,,,,,
84400,3.4261045,4.0315886,,,,,,,,,,,,,,
84500,4.147577,3.3670864,,,,,,,,,,,,,,
84600,4.0442314,4.1679516,,,,,,,,,,,,,,
84700,3.8961694,3.168515,,,,,,,,,,,,,,
84800,2.8473191,4.4352274,,,,,,,,,,,,,,
84900,3.33782,3.8151455,,,,,,,,,,,,,,
85000,3.6490736,3.7189426,,,,,,,,,,,,,,
85100,3.6344624,3.3418844,,,,,,,,,,,,,,
85200,3.8056014,3.7802048,,,,,,,,,,,,,,
85242,,,0.4849413931369781,2.361168146133423,0.4497599899768829,2.532410144805908,50000.0,0.3449000120162964,3.138478994369507,10000.0,37433.31609392166,40395.76284766197,37433.31609392166,2954.971348285675,3.040802240371704,0.0
85300,4.2732015,3.2939546,,,,,,,,,,,,,,
85400,3.73409,3.4384844,,,,,,,,,,,,,,
85500,3.9362235,3.2832382,,,,,,,,,,,,,,
85600,4.58468,3.2298808,,,,,,,,,,,,,,
85700,4.4966063,3.272487,,,,,,,,,,,,,,
85800,3.068514,4.865329,,,,,,,,,,,,,,
85900,3.2392044,5.7338457,,,,,,,,,,,,,,
86000,3.7780166,4.3338337,,,,,,,,,,,,,,
86100,3.787824,3.653367,,,,,,,,,,,,,,
86194,,,0.48486328125,2.332387208938598,0.4458999931812286,2.530792713165283,50000.0,0.3439000248908996,3.145106315612793,10000.0,37853.25966000557,40850.8230111599,37853.25966000557,2990.0013568401337,3.0783703327178955,0.0
86200,4.140934,3.4171941,,,,,,,,,,,,,,
86300,3.6290486,3.3371139,,,,,,,,,,,,,,
86400,4.4674754,3.3755398,,,,,,,,,,,,,,
86500,4.5840173,3.2837138,,,,,,,,,,,,,,
86600,4.0152593,3.4792962,,,,,,,,,,,,,,
86700,3.6646354,3.341801,,,,,,,,,,,,,,
86800,3.3445394,3.9740455,,,,,,,,,,,,,,
86900,4.1748886,3.2386582,,,,,,,,,,,,,,
87000,3.0458195,5.8284063,,,,,,,,,,,,,,
87100,4.5954695,3.2608032,,,,,,,,,,,,,,
87148,,,0.5023437142372131,2.254025936126709,0.4576999843120575,2.458908796310425,50000.0,0.3587000072002411,3.0580313205718994,10000.0,38273.26071214676,41305.44095039368,38273.26071214676,3024.531243801117,3.1170742511749268,0.0
87200,4.17104,3.2930372,,,,,,,,,,,,,,
87300,4.513564,3.460227,,,,,,,,,,,,,,
87400,3.8310869,3.6352813,,,,,,,,,,,,,,
87500,4.5747895,3.178729,,,,,,,,,,,,,,
87600,2.731664,5.8112426,,,,,,,,,,,,,,
87700,2.8385255,5.8790298,,,,,,,,,,,,,,
87800,3.3495097,3.571967,,,,,,,,,,,,,,
87900,3.9014344,3.4010303,,,,,,,,,,,,,,
88000,4.2543354,3.2870822,,,,,,,,,,,,,,
88100,4.0040946,3.3585362,,,,,,,,,,,,,,
88103,,,0.4955859184265136,2.27256441116333,0.4588799774646759,2.453907012939453,50000.0,0.3553000092506408,3.075212955474853,10000.0,38693.58229279518,41761.36972427368,38693.58229279518,3060.04927110672,3.1581122875213623,0.0
88200,4.432056,3.3603022,,,,,,,,,,,,,,
88300,4.8405814,3.2219777,,,,,,,,,,,,,,
88400,5.090254,3.2441154,,,,,,,,,,,,,,
88500,3.9035037,3.3148704,,,,,,,,,,,,,,
88600,4.0772142,3.2283413,,,,,,,,,,,,,,
88700,5.199847,3.3206813,,,,,,,,,,,,,,
88800,4.1596875,3.6212628,,,,,,,,,,,,,,
88900,4.3659363,3.308854,,,,,,,,,,,,,,
89000,4.112129,3.618038,,,,,,,,,,,,,,
89059,,,0.4961132705211639,2.293191432952881,0.4579199850559234,2.478065490722656,50000.0,0.3541000187397003,3.0792605876922607,10000.0,39113.56859087944,42216.15384054184,39113.56859087944,3094.760143995285,3.1960225105285645,0.0
89100,3.6605856,4.1660113,,,,,,,,,,,,,,
89200,3.0936062,4.830812,,,,,,,,,,,,,,
89300,3.2880492,4.921034,,,,,,,,,,,,,,
89400,3.832323,3.2903683,,,,,,,,,,,,,,
89500,3.922804,3.2798,,,,,,,,,,,,,,
89600,4.2090163,3.3928201,,,,,,,,,,,,,,
89700,3.328614,5.026223,,,,,,,,,,,,,,
89800,3.999032,3.464319,,,,,,,,,,,,,,
89900,4.9434175,3.1845925,,,,,,,,,,,,,,
90000,2.6321497,5.6234374,,,,,,,,,,,,,,
90014,,,0.5071679353713989,2.2078239917755127,0.4602999985218048,2.428961753845215,50000.0,0.353300005197525,3.0590755939483643,10000.0,39533.70936179161,42670.935868024826,39533.70936179161,3129.3153154850006,3.233340263366699,0.0
90100,3.964822,3.3228557,,,,,,,,,,,,,,
90200,3.4990811,4.444271,,,,,,,,,,,,,,
90300,4.471295,3.261969,,,,,,,,,,,,,,
90400,4.14834,3.5251827,,,,,,,,,,,,,,
90500,3.301938,5.5251737,,,,,,,,,,,,,,
90600,3.4248004,4.6360407,,,,,,,,,,,,,,
90700,4.2641845,3.43002,,,,,,,,,,,,,,
90800,4.136079,3.1636193,,,,,,,,,,,,,,
90900,4.265136,3.259361,,,,,,,,,,,,,,
90970,,,0.5033984184265137,2.2200872898101807,0.4673199951648712,2.403517484664917,50000.0,0.3641000092029571,3.025242805480957,10000.0,39953.91885042191,43125.02573013306,39953.91885042191,3163.108934402466,3.2713866233825684,0.0
91000,4.30407,3.283284,,,,,,,,,,,,,,
91100,3.8334517,3.6924698,,,,,,,,,,,,,,
91200,3.1595209,4.4765005,,,,,,,,,,,,,,
91300,4.2131147,3.2413228,,,,,,,,,,,,,,
91400,4.330246,3.2833223,,,,,,,,,,,,,,
91500,4.507117,3.3327982,,,,,,,,,,,,,,
91600,4.3607683,3.3349452,,,,,,,,,,,,,,
91700,3.4625494,5.7900906,,,,,,,,,,,,,,
91800,4.0368223,3.8588917,,,,,,,,,,,,,,
91900,4.9650335,3.2562666,,,,,,,,,,,,,,
91922,,,0.4987304508686065,2.255359172821045,0.4644799828529358,2.41318154335022,50000.0,0.3573000133037567,3.0384016036987305,10000.0,40373.99290585518,43581.19048309326,40373.99290585518,3199.111961841584,3.310699939727783,0.0
92000,3.8053086,5.6774116,,,,,,,,,,,,,,
92100,4.0976954,3.4893613,,,,,,,,,,,,,,
92200,3.927321,3.7406912,,,,,,,,,,,,,,
92300,4.441872,3.2393467,,,,,,,,,,,,,,
92400,4.8663206,3.2393126,,,,,,,,,,,,,,
92500,3.0969868,5.59062,,,,,,,,,,,,,,
92600,3.3275385,5.75128,,,,,,,,,,,,,,
92700,2.9729793,4.75681,,,,,,,,,,,,,,
92800,4.6019406,3.274067,,,,,,,,,,,,,,
92877,,,0.5109961032867432,2.2503013610839844,0.4689199924468994,2.431065559387207,50000.0,0.3618000149726867,3.056702852249145,10000.0,40794.11108016968,44036.81039404869,40794.11108016968,3234.5256657600403,3.350049018859864,0.0
92900,5.1249914,3.2362738,,,,,,,,,,,,,,
93000,3.1624615,5.5683274,,,,,,,,,,,,,,
93100,2.843474,5.2916374,,,,,,,,,,,,,,
93200,4.5509133,3.240546,,,,,,,,,,,,,,
93300,4.607842,3.335318,,,,,,,,,,,,,,
93400,3.0343072,4.95138,,,,,,,,,,,,,,
93500,3.2116416,4.505897,,,,,,,,,,,,,,
93600,5.397243,3.0985222,,,,,,,,,,,,,,
93700,3.8172047,3.1942787,,,,,,,,,,,,,,
93800,3.892614,4.3415265,,,,,,,,,,,,,,
93834,,,0.5336718559265137,2.140775918960572,0.4732399880886078,2.4086592197418213,50000.0,0.369700014591217,3.0162107944488525,10000.0,41214.038987874985,44490.42468714714,41214.038987874985,3268.122024059296,3.392324209213257,0.0
93900,3.153944,5.7391386,,,,,,,,,,,,,,
94000,4.3545785,3.669638,,,,,,,,,,,,,,
94100,4.559548,3.2163875,,,,,,,,,,,,,,
94200,3.0639477,5.2028365,,,,,,,,,,,,,,
94300,4.6530085,3.3221529,,,,,,,,,,,,,,
94400,4.6553,3.4618547,,,,,,,,,,,,,,
94500,3.6307132,3.8446884,,,,,,,,,,,,,,
94600,5.6230006,3.2429016,,,,,,,,,,,,,,
94700,4.0698557,3.7761245,,,,,,,,,,,,,,
94788,,,0.5135937333106995,2.187904596328736,0.4749599993228912,2.370563268661499,50000.0,0.3684000074863434,2.9908664226531982,10000.0,41634.04871797562,44945.45272326469,41634.04871797562,3303.049395084381,3.4346866607666016,0.0
94800,4.4044685,3.5937421,,,,,,,,,,,,,,
94900,4.166943,4.4464045,,,,,,,,,,,,,,
95000,4.501557,3.1330743,,,,,,,,,,,,,,
95100,5.168968,3.5977485,,,,,,,,,,,,,,
95200,4.747556,3.0879607,,,,,,,,,,,,,,
95300,5.1242776,3.108543,,,,,,,,,,,,,,
95400,4.1331363,3.1582298,,,,,,,,,,,,,,
95500,4.5143147,3.9855568,,,,,,,,,,,,,,
95600,4.3817687,3.698355,,,,,,,,,,,,,,
95700,3.0419734,5.5783772,,,,,,,,,,,,,,
95742,,,0.5181445479393005,2.154407262802124,0.4789799749851227,2.341538906097412,50000.0,0.3738000094890594,2.965013027191162,10000.0,42054.00719213486,45400.521570682526,42054.00719213486,3338.0668082237244,3.478226900100708,0.0
95800,2.9218307,4.91973,,,,,,,,,,,,,,
95900,4.6371026,3.7118979,,,,,,,,,,,,,,
96000,3.718585,4.4418564,,,,,,,,,,,,,,
96100,4.5147843,3.2427554,,,,,,,,,,,,,,
96200,6.038837,3.215675,,,,,,,,,,,,,,
96300,4.7108445,3.0841448,,,,,,,,,,,,,,
96400,3.3476062,5.2583923,,,,,,,,,,,,,,
96500,3.3251143,5.2044473,,,,,,,,,,,,,,
96600,5.0529666,3.6096818,,,,,,,,,,,,,,
96700,,,0.5249218344688416,2.111774682998657,0.4820599853992462,2.320363759994507,50000.0,0.3705000281333923,2.956886053085327,10000.0,42474.30578351021,45855.54331946373,42474.30578351021,3372.701441526413,3.51792860031128,0.0
96700,5.3753023,3.2092452,,,,,,,,,,,,,,
96800,3.856201,4.791956,,,,,,,,,,,,,,
96900,3.5597742,5.592622,,,,,,,,,,,,,,
97000,3.4647317,5.4645343,,,,,,,,,,,,,,
97100,4.3259926,5.7542076,,,,,,,,,,,,,,
97200,4.9127016,3.104033,,,,,,,,,,,,,,
97300,5.8881674,3.2227428,,,,,,,,,,,,,,
97400,4.0622196,4.0718226,,,,,,,,,,,,,,
97500,4.225726,3.7561195,,,,,,,,,,,,,,
97600,4.384786,4.1376653,,,,,,,,,,,,,,
97658,,,0.5237890481948853,2.112394094467163,0.4849799871444702,2.293760061264038,50000.0,0.3804000318050384,2.930459976196289,10000.0,42894.45508098602,46311.02158689499,42894.45508098602,3407.939308166504,3.559377670288086,0.0
97700,5.260954,3.1461966,,,,,,,,,,,,,,
97800,4.764202,3.103074,,,,,,,,,,,,,,
97900,4.8186,3.1448252,,,,,,,,,,,,,,
98000,5.178135,3.040257,,,,,,,,,,,,,,
98100,3.4280286,5.1360526,,,,,,,,,,,,,,
98200,5.641165,3.177289,,,,,,,,,,,,,,
98300,3.3083491,5.593481,,,,,,,,,,,,,,
98400,4.372883,5.1134634,,,,,,,,,,,,,,
98500,4.821335,3.5988092,,,,,,,,,,,,,,
98600,3.5969543,5.616039,,,,,,,,,,,,,,
98614,,,0.5335351228713989,2.0801236629486084,0.4914200007915497,2.269821882247925,50000.0,0.3812000155448913,2.9115164279937744,10000.0,43314.56843996048,46765.060648202896,43314.56843996048,3441.773494720459,3.601999044418335,0.0
98700,5.6031733,3.222141,,,,,,,,,,,,,,
98800,4.57148,4.0344105,,,,,,,,,,,,,,
98900,3.558369,5.4268847,,,,,,,,,,,,,,
99000,5.613996,3.4577067,,,,,,,,,,,,,,
99100,5.9236674,3.2067113,,,,,,,,,,,,,,
99200,6.214172,3.1726074,,,,,,,,,,,,,,
99300,3.555956,5.462511,,,,,,,,,,,,,,
99400,4.6845303,3.2783127,,,,,,,,,,,,,,
99500,4.1978955,5.0685387,,,,,,,,,,,,,,
99571,,,0.5236718654632568,2.15224552154541,0.4854999780654907,2.3313560485839844,50000.0,0.3721000254154205,2.9672160148620605,10000.0,43734.88610935211,47220.77896237373,43734.88610935211,3477.0833909511566,3.643413782119751,0.0
99600,5.684249,3.1606114,,,,,,,,,,,,,,
99700,5.4715724,3.0198884,,,,,,,,,,,,,,
99800,5.1166973,3.0512006,,,,,,,,,,,,,,
99900,5.52789,3.133908,,,,,,,,,,,,,,
100000,4.3465877,4.5970902,,,,,,,,,,,,,,
100100,4.986511,3.009171,,,,,,,,,,,,,,
100200,4.3754663,5.351117,,,,,,,,,,,,,,
100300,5.1028934,3.0655046,,,,,,,,,,,,,,
100400,4.4700394,4.000947,,,,,,,,,,,,,,
100500,3.4507992,5.4819474,,,,,,,,,,,,,,
100528,,,0.5409960746765137,2.033655881881714,0.4935399889945984,2.253159999847412,50000.0,0.3823000192642212,2.9000403881073,10000.0,44155.01474189758,47676.8207654953,44155.01474189758,3512.900293111801,3.689812421798706,0.0
100600,5.224238,3.295138,,,,,,,,,,,,,,
100700,5.770336,3.1293705,,,,,,,,,,,,,,
100800,4.602,3.1660066,,,,,,,,,,,,,,
100900,5.8441105,3.1823475,,,,,,,,,,,,,,
101000,5.5336432,3.08135,,,,,,,,,,,,,,
101100,6.512789,3.1466758,,,,,,,,,,,,,,
101200,6.464884,3.178059,,,,,,,,,,,,,,
101300,4.7238975,3.954196,,,,,,,,,,,,,,
101400,5.479561,3.045217,,,,,,,,,,,,,,
101488,,,0.5405077934265137,2.037405014038086,0.5045199990272522,2.2144296169281006,50000.0,0.3924000263214111,2.8494696617126465,10000.0,44575.380734205246,48133.54650235176,44575.380734205246,3549.169058799744,3.731741428375244,0.0
101500,5.4754076,3.1710885,,,,,,,,,,,,,,
101600,5.211746,3.146101,,,,,,,,,,,,,,
101700,5.553344,3.591166,,,,,,,,,,,,,,
101800,5.2001576,5.6579657,,,,,,,,,,,,,,
101900,5.4842405,3.1867564,,,,,,,,,,,,,,
102000,5.56413,3.5571654,,,,,,,,,,,,,,
102100,4.677156,4.6810584,,,,,,,,,,,,,,
102200,4.59602,3.5815854,,,,,,,,,,,,,,
102300,3.9213796,4.462853,,,,,,,,,,,,,,
102400,6.0793214,2.9981728,,,,,,,,,,,,,,
102447,,,0.5420312285423279,2.03980016708374,0.5052399635314941,2.216526508331299,50000.0,0.3973000049591064,2.851865768432617,10000.0,44995.65758395195,48589.60341286659,44995.65758395195,3584.8600845336914,3.7715368270874015,0.0
102500,6.1342297,3.059117,,,,,,,,,,,,,,
102600,5.7093296,3.1158524,,,,,,,,,,,,,,
102700,5.915442,2.981265,,,,,,,,,,,,,,
102800,6.454618,3.0577202,,,,,,,,,,,,,,
102900,5.2819567,3.075517,,,,,,,,,,,,,,
103000,4.3049154,5.2612166,,,,,,,,,,,,,,
103100,3.1751108,5.6421037,,,,,,,,,,,,,,
103200,6.7009087,3.0394707,,,,,,,,,,,,,,
103300,6.218221,2.887512,,,,,,,,,,,,,,
103400,5.8181634,3.1350188,,,,,,,,,,,,,,
103405,,,0.5516406297683716,1.9981762170791624,0.5033999681472778,2.2176833152771,50000.0,0.3919000327587127,2.8272438049316406,10000.0,45415.77675104141,49044.436195373535,45415.77675104141,3619.481969356537,3.8140461444854736,0.0
103500,5.5996366,3.2688167,,,,,,,,,,,,,,
103600,6.36344,3.0619574,,,,,,,,,,,,,,
103700,6.636099,3.0429933,,,,,,,,,,,,,,
103800,6.203551,3.5593781,,,,,,,,,,,,,,
103900,6.070433,2.876471,,,,,,,,,,,,,,
104000,5.0484962,4.3161907,,,,,,,,,,,,,,
104100,5.8546596,3.0651689,,,,,,,,,,,,,,
104200,6.2224164,3.0678926,,,,,,,,,,,,,,
104300,6.210776,3.0329258,,,,,,,,,,,,,,
104363,,,0.5555663704872131,1.9943355321884155,0.4963399767875671,2.2530267238616943,50000.0,0.3900000154972076,2.87964391708374,10000.0,45836.11243224144,49499.6912689209,45836.11243224144,3654.312230348587,3.853803634643554,0.0
104400,6.334478,3.452755,,,,,,,,,,,,,,
104500,4.043262,5.628744,,,,,,,,,,,,,,
104600,5.3627453,3.8210573,,,,,,,,,,,,,,
104700,6.096083,2.992454,,,,,,,,,,,,,,
104800,5.644217,3.603955,,,,,,,,,,,,,,
104900,5.9134555,3.1357439,,,,,,,,,,,,,,
105000,5.8764486,3.04081,,,,,,,,,,,,,,
105100,5.9674525,3.0760796,,,,,,,,,,,,,,
105200,7.2710114,3.0327282,,,,,,,,,,,,,,
105300,7.073727,2.942989,,,,,,,,,,,,,,
105321,,,0.5415820479393005,2.0629913806915283,0.5009399652481079,2.251885175704956,50000.0,0.393200010061264,2.8845744132995605,10000.0,46256.056051015854,49954.29620075226,46256.056051015854,3688.881601333618,3.8971667289733887,0.0
105400,6.279222,2.9409125,,,,,,,,,,,,,,
105500,6.6593456,3.1039,,,,,,,,,,,,,,
105600,7.042917,3.0100834,,,,,,,,,,,,,,
105700,4.449961,5.298938,,,,,,,,,,,,,,
105800,6.6086564,3.067766,,,,,,,,,,,,,,
105900,6.2033763,3.076275,,,,,,,,,,,,,,
106000,4.375023,4.819459,,,,,,,,,,,,,,
106100,4.515493,5.2834635,,,,,,,,,,,,,,
106200,6.6232786,3.0920675,,,,,,,,,,,,,,
106280,,,0.5571679472923279,1.9573230743408203,0.5123400092124939,2.1664061546325684,50000.0,0.3983000218868255,2.801108837127685,10000.0,46676.25206255913,50409.321534872055,46676.25206255913,3723.6145696640015,3.9440393447875977,0.0
106300,5.300962,3.6251347,,,,,,,,,,,,,,
106400,7.2301793,3.4656653,,,,,,,,,,,,,,
106500,6.038555,5.5116057,,,,,,,,,,,,,,
106600,7.3630495,3.0823796,,,,,,,,,,,,,,
106700,6.7197347,2.8860528,,,,,,,,,,,,,,
106800,5.443908,3.6193933,,,,,,,,,,,,,,
106900,5.4780307,4.1657586,,,,,,,,,,,,,,
107000,7.5848885,3.001549,,,,,,,,,,,,,,
107100,6.1851068,2.9908798,,,,,,,,,,,,,,
107200,6.3615413,3.0674539,,,,,,,,,,,,,,
107238,,,0.5665038824081421,1.914471745491028,0.51419997215271,2.1634442806243896,50000.0,0.3981000185012817,2.8089287281036377,10000.0,47096.6036055088,50865.10898709297,47096.6036055088,3758.9592230319977,3.985037326812744,0.0
107300,4.7530565,4.5116158,,,,,,,,,,,,,,
107400,6.184156,2.998272,,,,,,,,,,,,,,
107500,5.4424114,4.9755125,,,,,,,,,,,,,,
107600,5.2205524,5.380668,,,,,,,,,,,,,,
107700,4.808521,4.4049864,,,,,,,,,,,,,,
107800,5.948567,2.8332806,,,,,,,,,,,,,,
107900,7.3287697,3.0875912,,,,,,,,,,,,,,
108000,6.6305494,3.3927338,,,,,,,,,,,,,,
108100,8.132068,2.8920689,,,,,,,,,,,,,,
108195,,,0.5716992020606995,1.8881914615631104,0.5263599753379822,2.0965781211853027,50000.0,0.4143000245094299,2.7207868099212646,10000.0,47516.84349417687,51319.6469283104,47516.84349417687,3793.1593265533447,4.03270959854126,0.0
108200,8.4126425,2.9687176,,,,,,,,,,,,,,
108300,6.469944,3.0626616,,,,,,,,,,,,,,
108400,6.969337,3.4051852,,,,,,,,,,,,,,
108500,6.3273115,3.831307,,,,,,,,,,,,,,
108600,6.3465424,2.9707851,,,,,,,,,,,,,,
108700,6.2916846,3.2106125,,,,,,,,,,,,,,
108800,7.245544,2.9846122,,,,,,,,,,,,,,
108900,5.0378428,4.9057593,,,,,,,,,,,,,,
109000,5.6572647,3.5341196,,,,,,,,,,,,,,
109100,7.734368,3.085107,,,,,,,,,,,,,,
109150,,,0.5682030916213989,1.9039314985275269,0.5257200002670288,2.1059815883636475,50000.0,0.4115000069141388,2.7456843852996826,10000.0,47937.03677225113,51773.01529836655,47937.03677225113,3826.241923093796,4.074590682983398,0.0
109200,5.2293463,4.6536846,,,,,,,,,,,,,,
109300,6.6809773,2.8633027,,,,,,,,,,,,,,
109400,5.483153,4.572691,,,,,,,,,,,,,,
109500,6.8382897,2.8181064,,,,,,,,,,,,,,
109600,6.7881393,3.0739615,,,,,,,,,,,,,,
109700,4.972708,4.5075417,,,,,,,,,,,,,,
109800,5.8512444,4.1966295,,,,,,,,,,,,,,
109900,7.2082086,2.8455236,,,,,,,,,,,,,,
110000,6.8900385,2.9302027,,,,,,,,,,,,,,
110100,6.2266216,3.41102,,,,,,,,,,,,,,
110106,,,0.5723046660423279,1.8826866149902344,0.527180016040802,2.1054670810699463,50000.0,0.4127000272274017,2.7230210304260254,10000.0,48357.13631129265,52228.01106357575,48357.13631129265,3861.0396661758414,4.123687028884888,0.0
110200,6.8405952,3.209423,,,,,,,,,,,,,,
110300,6.35151,3.5055852,,,,,,,,,,,,,,
110400,7.60067,2.8253713,,,,,,,,,,,,,,
110500,7.6193533,3.0288348,,,,,,,,,,,,,,
110600,5.1666393,5.1858597,,,,,,,,,,,,,,
110700,7.577834,2.8626766,,,,,,,,,,,,,,
110800,5.114974,4.898117,,,,,,,,,,,,,,
110900,5.7229977,4.082627,,,,,,,,,,,,,,
111000,9.007851,2.901986,,,,,,,,,,,,,,
111064,,,0.5855859518051147,1.8166877031326287,0.532260000705719,2.079643726348877,50000.0,0.4169000089168548,2.703154802322388,10000.0,48777.2807199955,52684.03495383263,48777.2807199955,3896.8240842819214,4.169726848602295,0.0
111100,5.346484,4.587192,,,,,,,,,,,,,,
111200,8.160497,2.9029994,,,,,,,,,,,,,,
111300,7.3616066,2.8507075,,,,,,,,,,,,,,
111400,7.4129066,2.927751,,,,,,,,,,,,,,
111500,5.020781,5.251197,,,,,,,,,,,,,,
111600,6.9976397,2.8664095,,,,,,,,,,,,,,
111700,5.2460804,5.1626143,,,,,,,,,,,,,,
111800,8.150917,3.0464618,,,,,,,,,,,,,,
111900,6.562528,3.948056,,,,,,,,,,,,,,
112000,6.3240943,4.9570527,,,,,,,,,,,,,,
112023,,,0.5767382979393005,1.8423562049865725,0.5367000102996826,2.044108390808105,50000.0,0.4189000129699707,2.692075490951538,10000.0,49197.24184441567,53139.79760980606,49197.24184441567,3932.5300455093375,4.2157182693481445,0.0
112100,8.432401,2.7784214,,,,,,,,,,,,,,
112200,8.087362,2.7124298,,,,,,,,,,,,,,
112300,8.373761,2.9542863,,,,,,,,,,,,,,
112400,6.1446605,5.5592046,,,,,,,,,,,,,,
112500,5.988086,5.121334,,,,,,,,,,,,,,
112600,6.8122363,3.7756371,,,,,,,,,,,,,,
112700,6.3816466,4.7772245,,,,,,,,,,,,,,
112800,7.267555,3.059216,,,,,,,,,,,,,,
112900,8.194568,2.8188303,,,,,,,,,,,,,,
112981,,,0.5803124904632568,1.866332650184632,0.5347999930381775,2.0776658058166504,50000.0,0.4184000194072723,2.732593774795532,10000.0,49617.394369125366,53593.25162959099,49617.394369125366,3965.738306760788,4.260125398635864,0.0
113000,7.6250625,3.1472318,,,,,,,,,,,,,,
113100,6.309316,4.856369,,,,,,,,,,,,,,
113200,8.32295,2.8943477,,,,,,,,,,,,,,
113300,6.2235336,3.903343,,,,,,,,,,,,,,
113400,7.739774,3.9095545,,,,,,,,,,,,,,
113500,8.214299,2.954134,,,,,,,,,,,,,,
113600,9.869049,2.8995667,,,,,,,,,,,,,,
113700,8.093357,3.0676498,,,,,,,,,,,,,,
113800,6.4785557,5.0722895,,,,,,,,,,,,,,
113900,7.2132187,4.325331,,,,,,,,,,,,,,
113935,,,0.5924609303474426,1.7965868711471558,0.5405799746513367,2.028472661972046,50000.0,0.4272000193595886,2.6562318801879883,10000.0,50037.463594436646,54049.49241566658,50037.463594436646,4001.809136390686,4.311210870742798,0.0
114000,8.021346,2.8142915,,,,,,,,,,,,,,
114100,8.680707,2.7906327,,,,,,,,,,,,,,
114200,5.840362,5.034752,,,,,,,,,,,,,,
114300,5.850559,5.4521046,,,,,,,,,,,,,,
114400,8.545406,2.7671785,,,,,,,,,,,,,,
114500,8.9274435,2.788479,,,,,,,,,,,,,,
114600,9.101038,2.8017511,,,,,,,,,,,,,,
114700,9.07057,2.8493974,,,,,,,,,,,,,,
114800,7.4936604,3.692418,,,,,,,,,,,,,,
114892,,,0.5992968678474426,1.736365795135498,0.5472800135612488,1.9809399843215945,50000.0,0.4301000237464905,2.613353729248047,10000.0,50457.59621167183,54504.699486255646,50457.59621167183,4036.7920784950256,4.353941202163696,0.0
114900,6.244663,4.946534,,,,,,,,,,,,,,
115000,8.148585,3.939744,,,,,,,,,,,,,,
115100,9.92558,2.8426774,,,,,,,,,,,,,,
115200,9.156789,2.8835702,,,,,,,,,,,,,,
115300,8.106904,3.6128268,,,,,,,,,,,,,,
115400,7.9514008,2.85042,,,,,,,,,,,,,,
115500,9.337255,2.93631,,,,,,,,,,,,,,
115600,7.899013,5.5660024,,,,,,,,,,,,,,
115700,9.369005,2.7131598,,,,,,,,,,,,,,
115800,7.081836,3.897557,,,,,,,,,,,,,,
115850,,,0.5986132621765137,1.769031047821045,0.5498200058937073,1.989569902420044,50000.0,0.4359000325202942,2.627125024795532,10000.0,50877.780158281326,54959.68226933479,50877.780158281326,4071.498922348024,4.396715402603149,0.0
115900,8.15271,2.774977,,,,,,,,,,,,,,
116000,9.44189,2.7843304,,,,,,,,,,,,,,
116100,9.06532,2.8117886,,,,,,,,,,,,,,
116200,8.212543,2.8995628,,,,,,,,,,,,,,
116300,10.16859,2.7426486,,,,,,,,,,,,,,
116400,9.701967,2.8326287,,,,,,,,,,,,,,
116500,9.40228,2.8328326,,,,,,,,,,,,,,
116600,8.383016,3.0361893,,,,,,,,,,,,,,
116700,7.8127112,3.7941241,,,,,,,,,,,,,,
116800,6.6553373,5.451704,,,,,,,,,,,,,,
116806,,,0.5945898294448853,1.8171558380126955,0.5459399819374084,2.038566827774048,50000.0,0.4270000159740448,2.6927707195281982,10000.0,51297.801486730576,55414.62586045265,51297.801486730576,4106.329440116882,4.439816236495972,0.0
116900,8.245745,5.370449,,,,,,,,,,,,,,
117000,8.838663,2.8242722,,,,,,,,,,,,,,
117100,8.878853,3.3468103,,,,,,,,,,,,,,
117200,8.145771,3.143826,,,,,,,,,,,,,,
117300,9.712545,2.7592642,,,,,,,,,,,,,,
117400,9.541079,2.7456214,,,,,,,,,,,,,,
117500,7.6399593,4.1503644,,,,,,,,,,,,,,
117600,8.81547,3.4722219,,,,,,,,,,,,,,
117700,9.76777,2.7382731,,,,,,,,,,,,,,
117761,,,0.613574206829071,1.6946641206741333,0.5583199858665466,1.9478216171264648,50000.0,0.4376000165939331,2.592690706253052,10000.0,51717.80975413322,55869.80551338196,51717.80975413322,4141.400668621063,4.490751504898071,0.0
117800,8.84186,2.766027,,,,,,,,,,,,,,
117900,9.954868,2.6208525,,,,,,,,,,,,,,
118000,9.519012,2.786696,,,,,,,,,,,,,,
118100,8.546462,3.7919722,,,,,,,,,,,,,,
118200,6.579828,5.0490713,,,,,,,,,,,,,,
118300,9.958707,2.6044269,,,,,,,,,,,,,,
118400,8.238299,3.3712122,,,,,,,,,,,,,,
118500,8.840176,3.5328739,,,,,,,,,,,,,,
118600,8.708014,4.386112,,,,,,,,,,,,,,
118700,8.085503,5.150613,,,,,,,,,,,,,,
118719,,,0.6092773079872131,1.7011078596115112,0.560479998588562,1.9198869466781616,50000.0,0.4430000185966491,2.5626533031463623,10000.0,52137.91909623146,56326.82516145706,52137.91909623146,4178.21733212471,4.534711599349976,0.0
118800,10.214648,2.5837402,,,,,,,,,,,,,,
118900,8.335746,4.4092884,,,,,,,,,,,,,,
119000,9.58079,2.9086785,,,,,,,,,,,,,,
119100,9.13076,2.7308283,,,,,,,,,,,,,,
119200,11.586196,2.9199004,,,,,,,,,,,,,,
119300,7.167622,5.4773226,,,,,,,,,,,,,,
119400,7.957975,5.4173326,,,,,,,,,,,,,,
119500,10.195948,2.6755772,,,,,,,,,,,,,,
119600,9.262606,5.4401083,,,,,,,,,,,,,,
119676,,,0.6103124618530273,1.6741185188293457,0.5619400143623352,1.897180676460266,50000.0,0.4415000081062317,2.5482938289642334,10000.0,52558.2359855175,56782.20287394524,52558.2359855175,4213.181450843811,4.582550525665283,0.0
119700,10.749663,3.533938,,,,,,,,,,,,,,
119800,10.823909,2.9642785,,,,,,,,,,,,,,
119900,8.45926,4.720046,,,,,,,,,,,,,,
120000,11.418627,2.856802,,,,,,,,,,,,,,
120100,11.066825,2.7759933,,,,,,,,,,,,,,
120200,10.067201,3.169598,,,,,,,,,,,,,,
120300,11.113523,2.8142958,,,,,,,,,,,,,,
120400,13.0163355,2.6273828,,,,,,,,,,,,,,
120500,8.204983,4.9209476,,,,,,,,,,,,,,
120600,11.429277,2.678483,,,,,,,,,,,,,,
120632,,,0.6192773580551147,1.6558037996292114,0.5684800148010254,1.888333082199097,50000.0,0.4475000202655792,2.532865285873413,10000.0,52978.47470521927,57237.33733034134,52978.47470521927,4247.975121498108,4.63560938835144,0.0
120700,8.449794,4.4123073,,,,,,,,,,,,,,
120800,10.631172,2.68862,,,,,,,,,,,,,,
120900,10.511237,2.6421409,,,,,,,,,,,,,,
121000,11.703983,2.584979,,,,,,,,,,,,,,
121100,9.794248,3.3851166,,,,,,,,,,,,,,
121200,8.636085,3.7966924,,,,,,,,,,,,,,
121300,11.335988,2.6285484,,,,,,,,,,,,,,
121400,10.818813,2.6746502,,,,,,,,,,,,,,
121500,10.026098,5.35155,,,,,,,,,,,,,,
121588,,,0.6258984208106995,1.612809419631958,0.5687599778175354,1.871385931968689,50000.0,0.4478000104427337,2.512608289718628,10000.0,53398.42608356476,57690.07158398628,53398.42608356476,4280.664431333542,4.680172681808472,0.0
121600,12.136785,2.6307473,,,,,,,,,,,,,,
121700,12.0479145,2.7095144,,,,,,,,,,,,,,
121800,12.192689,2.71246,,,,,,,,,,,,,,
121900,9.197333,4.7405014,,,,,,,,,,,,,,
122000,9.881797,5.4417677,,,,,,,,,,,,,,
122100,10.753661,2.5839412,,,,,,,,,,,,,,
122200,11.624463,2.6986759,,,,,,,,,,,,,,
122300,8.746197,3.3064103,,,,,,,,,,,,,,
122400,8.069592,5.3048506,,,,,,,,,,,,,,
122500,9.301528,3.6670418,,,,,,,,,,,,,,
122546,,,0.6239843368530273,1.633061766624451,0.5696600079536438,1.8678117990493768,50000.0,0.4515000283718109,2.5169050693511963,10000.0,53818.66521978378,58144.84146475792,53818.66521978378,4315.097366333008,4.728538751602173,0.0
122600,9.8896475,3.3914824,,,,,,,,,,,,,,
122700,12.108969,2.6908398,,,,,,,,,,,,,,
122800,12.399849,2.6562476,,,,,,,,,,,,,,
122900,11.761113,2.8716185,,,,,,,,,,,,,,
123000,9.9404745,2.5533924,,,,,,,,,,,,,,
123100,11.444294,2.56253,,,,,,,,,,,,,,
123200,9.840989,5.163927,,,,,,,,,,,,,,
123300,12.013496,2.5550852,,,,,,,,,,,,,,
123400,11.657655,2.6308906,,,,,,,,,,,,,,
123500,10.670736,2.4682674,,,,,,,,,,,,,,
123504,,,0.6285547018051147,1.601290583610535,0.5775799751281738,1.8269217014312744,50000.0,0.4583000242710113,2.475549459457397,10000.0,54239.003289461136,58600.39036130905,54239.003289461136,4350.2162528038025,4.771684646606445,0.0
123600,11.886888,2.8945425,,,,,,,,,,,,,,
123700,10.807576,5.080055,,,,,,,,,,,,,,
123800,10.253551,3.5798488,,,,,,,,,,,,,,
123900,9.858773,5.409503,,,,,,,,,,,,,,
124000,9.122024,4.532167,,,,,,,,,,,,,,
124100,9.517759,4.771735,,,,,,,,,,,,,,
124200,13.890968,2.7696528,,,,,,,,,,,,,,
124300,11.860264,2.6985874,,,,,,,,,,,,,,
124400,12.544873,2.5780725,,,,,,,,,,,,,,
124458,,,0.6304882764816284,1.6153281927108765,0.5756999850273132,1.858371615409851,50000.0,0.4597000181674957,2.499366044998169,10000.0,54658.99606895447,59056.74850797653,54658.99606895447,4386.487232208252,4.816720485687256,0.0
124500,11.601739,2.4809875,,,,,,,,,,,,,,
124600,10.440408,3.1280768,,,,,,,,,,,,,,
124700,8.640531,5.3396587,,,,,,,,,,,,,,
124800,13.200876,2.591846,,,,,,,,,,,,,,
124900,10.043325,5.080758,,,,,,,,,,,,,,
125000,10.827684,5.307987,,,,,,,,,,,,,,
125100,13.62194,2.5453634,,,,,,,,,,,,,,
125200,12.351514,2.803444,,,,,,,,,,,,,,
125300,9.02326,5.0759315,,,,,,,,,,,,,,
125400,12.483925,2.6446273,,,,,,,,,,,,,,
125410,,,0.6361523270606995,1.5639606714248655,0.5847199559211731,1.799162745475769,50000.0,0.4662000238895416,2.433218479156494,10000.0,55079.3021440506,59511.156292915344,55079.3021440506,4420.486181020737,4.871047496795654,0.0
125500,12.946937,2.4748669,,,,,,,,,,,,,,
125600,11.3148155,2.4526143,,,,,,,,,,,,,,
125700,12.694863,2.5628018,,,,,,,,,,,,,,
125800,13.435071,2.6412148,,,,,,,,,,,,,,
125900,10.658304,5.320025,,,,,,,,,,,,,,
126000,12.66763,2.5681062,,,,,,,,,,,,,,
126100,13.490705,2.6781957,,,,,,,,,,,,,,
126200,13.683049,2.5516145,,,,,,,,,,,,,,
126300,14.084016,2.6162689,,,,,,,,,,,,,,
126363,,,0.6395312547683716,1.554659366607666,0.5841799974441528,1.7960840463638306,50000.0,0.4683000147342682,2.431303739547729,10000.0,55499.25204229355,59966.36654686928,55499.25204229355,4455.65455532074,4.914008378982544,0.0
126400,10.845643,5.008813,,,,,,,,,,,,,,
126500,13.306515,2.6579995,,,,,,,,,,,,,,
126600,10.362903,3.9398217,,,,,,,,,,,,,,
126700,14.347492,2.5607693,,,,,,,,,,,,,,
126800,12.2746525,2.6504352,,,,,,,,,,,,,,
126900,14.35141,2.54601,,,,,,,,,,,,,,
127000,11.030828,3.5223794,,,,,,,,,,,,,,
127100,11.32558,4.1784587,,,,,,,,,,,,,,
127200,14.084566,2.5234666,,,,,,,,,,,,,,
127300,13.819641,2.511218,,,,,,,,,,,,,,
127318,,,0.6440038681030273,1.535613775253296,0.5882799625396729,1.7778997421264648,50000.0,0.4654000103473663,2.413477897644043,10000.0,55919.4681224823,60422.57490873337,55919.4681224823,4491.553992986679,4.958515644073486,0.0
127400,13.708298,2.9541178,,,,,,,,,,,,,,
127500,13.124,2.6006818,,,,,,,,,,,,,,
127600,12.134589,3.3122776,,,,,,,,,,,,,,
127700,15.609004,2.5845566,,,,,,,,,,,,,,
127800,12.0579195,2.8589,,,,,,,,,,,,,,
127900,11.430135,3.9037712,,,,,,,,,,,,,,
128000,10.987743,5.2821083,,,,,,,,,,,,,,
128100,12.902366,2.4650595,,,,,,,,,,,,,,
128200,11.207453,3.4510717,,,,,,,,,,,,,,
128274,,,0.6527538895606995,1.4969874620437622,0.5931999683380127,1.75342059135437,50000.0,0.4727000296115875,2.393547296524048,10000.0,56339.589124679565,60878.07884812355,56339.589124679565,4526.8432421684265,5.003349542617798,0.0
128300,13.752852,2.4617343,,,,,,,,,,,,,,
128400,13.229481,2.417621,,,,,,,,,,,,,,
128500,13.762867,2.5010097,,,,,,,,,,,,,,
128600,13.7572365,2.9387112,,,,,,,,,,,,,,
128700,15.06027,2.4111338,,,,,,,,,,,,,,
128800,13.326285,2.504812,,,,,,,,,,,,,,
128900,15.757042,2.3686187,,,,,,,,,,,,,,
129000,9.648625,5.339802,,,,,,,,,,,,,,
129100,13.318988,2.799217,,,,,,,,,,,,,,
129200,14.508099,2.4575424,,,,,,,,,,,,,,
129230,,,0.6485155820846558,1.4977086782455444,0.5975799560546875,1.7309253215789795,50000.0,0.4777000248432159,2.3755440711975098,10000.0,56759.537277936935,61332.39437580109,56759.537277936935,4561.116764068604,5.048267602920532,0.0
129300,14.091337,2.4530098,,,,,,,,,,,,,,
129400,12.194529,3.3975272,,,,,,,,,,,,,,
129500,14.429865,2.5881963,,,,,,,,,,,,,,
129600,13.547756,3.2114425,,,,,,,,,,,,,,
129700,9.821099,5.1253777,,,,,,,,,,,,,,
129800,14.481976,2.4416244,,,,,,,,,,,,,,
129900,15.418063,2.5027184,,,,,,,,,,,,,,
130000,10.475434,5.2347193,,,,,,,,,,,,,,
130100,15.226861,2.7006993,,,,,,,,,,,,,,
130186,,,0.6570116877555847,1.4656563997268677,0.5995599627494812,1.718994140625,50000.0,0.4791000187397003,2.358163595199585,10000.0,57179.63260221481,61787.483593940735,57179.63260221481,4596.018115282059,5.09222936630249,0.0
130200,15.508932,2.4344904,,,,,,,,,,,,,,
130300,14.843167,2.4521887,,,,,,,,,,,,,,
130400,15.028348,2.5243344,,,,,,,,,,,,,,
130500,13.49483,3.3012066,,,,,,,,,,,,,,
130600,15.160966,2.2922218,,,,,,,,,,,,,,
130700,13.79686,2.4781632,,,,,,,,,,,,,,
130800,14.392853,2.7116575,,,,,,,,,,,,,,
130900,13.019918,4.043021,,,,,,,,,,,,,,
131000,13.794007,2.491422,,,,,,,,,,,,,,
131100,14.762516,2.2494223,,,,,,,,,,,,,,
131137,,,0.6607226133346558,1.453086018562317,0.6018999814987183,1.7165173292160034,50000.0,0.4839000105857849,2.358154535293579,10000.0,57599.885811805725,62243.81151103973,57599.885811805725,4631.993093252182,5.143046617507935,0.0
131200,15.814737,2.4579046,,,,,,,,,,,,,,
131300,12.640132,4.952704,,,,,,,,,,,,,,
131400,13.684734,3.1996713,,,,,,,,,,,,,,
131500,14.8565035,2.4346375,,,,,,,,,,,,,,
131600,11.779312,5.018845,,,,,,,,,,,,,,
131700,12.705318,4.015022,,,,,,,,,,,,,,
131800,16.449205,2.4253626,,,,,,,,,,,,,,
131900,15.105658,2.5613956,,,,,,,,,,,,,,
132000,16.550196,2.420652,,,,,,,,,,,,,,
132090,,,0.6649218797683716,1.4230157136917114,0.6037999987602234,1.690132737159729,50000.0,0.4829000234603882,2.3409602642059326,10000.0,58019.956234931946,62698.30862045288,58019.956234931946,4666.323188304901,5.191659688949585,0.0
132100,17.032,2.561765,,,,,,,,,,,,,,
132200,16.022379,2.3950586,,,,,,,,,,,,,,
132300,14.7760515,2.5428143,,,,,,,,,,,,,,
132400,15.491204,2.3444672,,,,,,,,,,,,,,
132500,14.551587,2.529142,,,,,,,,,,,,,,
132600,14.8762665,2.755494,,,,,,,,,,,,,,
132700,16.253263,2.289504,,,,,,,,,,,,,,
132800,13.3769865,2.8770247,,,,,,,,,,,,,,
132900,15.9782915,2.4735339,,,,,,,,,,,,,,
133000,15.4984045,2.4622228,,,,,,,,,,,,,,
133046,,,0.6621874570846558,1.4355181455612185,0.6081199645996094,1.6757280826568604,50000.0,0.4896000325679779,2.319476366043091,10000.0,58440.19840955734,63151.48357796669,58440.19840955734,4699.150907754898,5.248644113540649,0.0
133100,15.605868,2.485299,,,,,,,,,,,,,,
133200,12.667576,4.118876,,,,,,,,,,,,,,
133300,15.860655,3.1097114,,,,,,,,,,,,,,
133400,14.636613,3.2335393,,,,,,,,,,,,,,
133500,20.059843,2.3565068,,,,,,,,,,,,,,
133600,14.604065,4.5687423,,,,,,,,,,,,,,
133700,16.219007,2.3374562,,,,,,,,,,,,,,
133800,14.885389,2.7452166,,,,,,,,,,,,,,
133900,16.438852,2.3694415,,,,,,,,,,,,,,
134000,15.549238,2.325097,,,,,,,,,,,,,,
134001,,,0.6676366925239563,1.4168092012405396,0.6097599864006042,1.674540877342224,50000.0,0.4883000254631042,2.3223493099212646,10000.0,58860.1703119278,63606.3299601078,58860.1703119278,4733.925676107407,5.2993104457855225,0.0
134100,17.595156,2.285776,,,,,,,,,,,,,,
134200,17.486956,2.4371905,,,,,,,,,,,,,,
134300,17.119291,2.5094054,,,,,,,,,,,,,,
134400,15.693462,2.5866594,,,,,,,,,,,,,,
134500,15.282995,2.9019556,,,,,,,,,,,,,,
134600,14.678473,2.2790165,,,,,,,,,,,,,,
134700,12.814453,4.283635,,,,,,,,,,,,,,
134800,17.208923,2.337305,,,,,,,,,,,,,,
134900,16.125055,2.4759963,,,,,,,,,,,,,,
134958,,,0.6692968606948853,1.4133710861206057,0.6110000014305115,1.6765155792236328,50000.0,0.4915000200271606,2.318582057952881,10000.0,59280.16412854195,64062.2855489254,59280.16412854195,4769.786712646484,5.350755929946899,0.0
135000,15.7446165,2.451494,,,,,,,,,,,,,,
135100,16.012478,2.3490062,,,,,,,,,,,,,,
135200,14.833344,2.518224,,,,,,,,,,,,,,
135300,15.24634,2.7217836,,,,,,,,,,,,,,
135400,16.344547,2.2616181,,,,,,,,,,,,,,
135500,13.423297,5.010851,,,,,,,,,,,,,,
135600,16.92909,2.3209612,,,,,,,,,,,,,,
135700,13.318275,4.486358,,,,,,,,,,,,,,
135800,16.228441,2.4109783,,,,,,,,,,,,,,
135900,14.968178,2.5094697,,,,,,,,,,,,,,
135914,,,0.6725195050239563,1.389872908592224,0.6137199997901917,1.6472383737564087,50000.0,0.4958000183105469,2.291435956954956,10000.0,59700.492384672165,64518.00077152252,59700.492384672165,4805.072762489319,5.402868270874023,0.0
136000,12.469415,4.997853,,,,,,,,,,,,,,
136100,12.793508,4.70199,,,,,,,,,,,,,,
136200,15.293594,2.8068974,,,,,,,,,,,,,,
136300,14.66584,3.199338,,,,,,,,,,,,,,
136400,17.529835,2.4893844,,,,,,,,,,,,,,
136500,16.513807,2.4252558,,,,,,,,,,,,,,
136600,13.378462,4.5831256,,,,,,,,,,,,,,
136700,14.621726,5.255316,,,,,,,,,,,,,,
136800,14.229418,2.7457223,,,,,,,,,,,,,,
136871,,,0.6755468845367432,1.3723599910736084,0.6177399754524231,1.6260476112365725,50000.0,0.4952000379562378,2.262436389923096,10000.0,60120.63659763336,64972.67124724388,60120.63659763336,4839.501998662949,5.45114016532898,0.0
136900,15.076046,2.267617,,,,,,,,,,,,,,
137000,14.914935,2.7609859,,,,,,,,,,,,,,
137100,17.261272,2.4923337,,,,,,,,,,,,,,
137200,15.784004,2.8469174,,,,,,,,,,,,,,
137300,14.360692,2.9854074,,,,,,,,,,,,,,
137400,12.121612,4.222695,,,,,,,,,,,,,,
137500,15.777586,2.3668768,,,,,,,,,,,,,,
137600,14.7238865,4.3886867,,,,,,,,,,,,,,
137700,15.468883,2.3130035,,,,,,,,,,,,,,
137800,15.383257,2.3671463,,,,,,,,,,,,,,
137827,,,0.6759179830551147,1.3786906003952026,0.6170200109481812,1.628787636756897,50000.0,0.4949000179767608,2.2731356620788574,10000.0,60540.72813940048,65427.55687022209,60540.72813940048,4874.199729204178,5.498749732971191,0.0
137900,13.532272,3.9309297,,,,,,,,,,,,,,
138000,13.8178,3.4389007,,,,,,,,,,,,,,
138100,15.647497,2.2282774,,,,,,,,,,,,,,
138200,15.0017395,2.3475187,,,,,,,,,,,,,,
138300,11.859455,4.960493,,,,,,,,,,,,,,
138400,17.26995,2.3115635,,,,,,,,,,,,,,
138500,15.439162,2.2339666,,,,,,,,,,,,,,
138600,15.736453,2.2714193,,,,,,,,,,,,,,
138700,16.784039,2.3202581,,,,,,,,,,,,,,
138783,,,0.6810742020606995,1.3643957376480105,0.6193999648094177,1.624567985534668,50000.0,0.4988000094890594,2.2657504081726074,10000.0,60960.97129249573,65882.83752655983,60960.97129249573,4909.143007040024,5.544323205947876,0.0
138800,16.22074,2.2624283,,,,,,,,,,,,,,
138900,12.116238,5.2071853,,,,,,,,,,,,,,
139000,14.787867,2.9544654,,,,,,,,,,,,,,
139100,15.644132,2.2569933,,,,,,,,,,,,,,
139200,14.898162,2.4404383,,,,,,,,,,,,,,
139300,15.645027,2.7100537,,,,,,,,,,,,,,
139400,15.671047,2.2263744,,,,,,,,,,,,,,
139500,14.539983,2.823852,,,,,,,,,,,,,,
139600,13.317173,4.1992216,,,,,,,,,,,,,,
139700,15.235779,2.40913,,,,,,,,,,,,,,
139741,,,0.6794726252555847,1.356473088264465,0.6199399828910828,1.6240276098251345,50000.0,0.4969000220298767,2.2641074657440186,10000.0,61381.24470758438,66338.47390079498,61381.24470758438,4944.409906148911,5.591205358505249,0.0
139800,15.5132,2.5010896,,,,,,,,,,,,,,
139900,15.009646,2.4486542,,,,,,,,,,,,,,
140000,14.14694,3.2281096,,,,,,,,,,,,,,
140100,14.187629,2.8705878,,,,,,,,,,,,,,
140200,12.435236,4.858083,,,,,,,,,,,,,,
140300,16.45633,2.445713,,,,,,,,,,,,,,
140400,16.159101,2.3161428,,,,,,,,,,,,,,
140500,17.512959,2.3628488,,,,,,,,,,,,,,
140600,11.949209,5.0697336,,,,,,,,,,,,,,
140697,,,0.6809960603713989,1.3617291450500488,0.6201399564743042,1.6239229440689087,50000.0,0.4973000288009643,2.2640388011932373,10000.0,61801.515548706055,66793.88122677803,61801.515548706055,4979.447841644287,5.640871524810791,0.0
140700,16.399792,2.4033387,,,,,,,,,,,,,,
140800,15.571956,2.2314386,,,,,,,,,,,,,,
140900,15.678613,2.225012,,,,,,,,,,,,,,
141000,12.6211605,4.4261494,,,,,,,,,,,,,,
141100,12.819243,4.7987533,,,,,,,,,,,,,,
141200,11.667247,4.997352,,,,,,,,,,,,,,
141300,16.297876,2.2699335,,,,,,,,,,,,,,
141400,15.9136,2.3556013,,,,,,,,,,,,,,
141500,15.909272,2.3429675,,,,,,,,,,,,,,
141600,14.15335,2.1556103,,,,,,,,,,,,,,
141654,,,0.6784570217132568,1.3619999885559082,0.6201399564743042,1.6239229440689087,50000.0,0.4973000288009643,2.2640388011932373,10000.0,62221.51995944977,67248.9954328537,62221.51995944977,5014.458345413208,5.691393852233887,0.0
141700,15.793845,2.2797737,,,,,,,,,,,,,,
141800,12.105145,4.525221,,,,,,,,,,,,,,
141900,14.731881,2.6045713,,,,,,,,,,,,,,
142000,14.4356985,2.3611355,,,,,,,,,,,,,,
142100,14.4114485,2.8692446,,,,,,,,,,,,,,
142200,11.236719,5.1402607,,,,,,,,,,,,,,
142300,14.387481,2.869462,,,,,,,,,,,,,,
142400,16.214405,2.2806168,,,,,,,,,,,,,,
142500,16.542025,2.697276,,,,,,,,,,,,,,
142600,15.842458,2.1666057,,,,,,,,,,,,,,
142613,,,0.6777734160423279,1.3700759410858154,0.6201399564743042,1.6239229440689087,50000.0,0.4973000288009643,2.2640388011932373,10000.0,62641.570769548416,67703.76736044884,62641.570769548416,5049.083185434341,5.738001585006714,0.0
142700,11.701108,4.734948,,,,,,,,,,,,,,
142800,16.627235,2.2928002,,,,,,,,,,,,,,
142900,15.4802,2.6898377,,,,,,,,,,,,,,
143000,13.59264,4.246475,,,,,,,,,,,,,,
143100,14.93648,2.335972,,,,,,,,,,,,,,
143200,16.506327,2.2229111,,,,,,,,,,,,,,
143300,12.333429,4.3504686,,,,,,,,,,,,,,
143400,11.478034,4.906749,,,,,,,,,,,,,,
143500,12.787069,4.0034766,,,,,,,,,,,,,,
143570,,,0.6763085722923279,1.3691837787628174,0.6201399564743042,1.6239229440689087,50000.0,0.4973000288009643,2.2640388011932373,10000.0,63061.86854219437,68158.78256511688,63061.86854219437,5083.697815179825,5.791518688201904,0.0
143600,17.223528,2.3400557,,,,,,,,,,,,,,
143700,16.27499,2.363918,,,,,,,,,,,,,,
143800,15.089155,2.3327765,,,,,,,,,,,,,,
143900,15.925385,2.4107287,,,,,,,,,,,,,,
144000,17.285385,2.2391632,,,,,,,,,,,,,,
144100,16.296797,2.1908236,,,,,,,,,,,,,,
144200,11.37843,4.8886566,,,,,,,,,,,,,,
144300,15.284457,2.673181,,,,,,,,,,,,,,
144400,17.184502,2.3559864,,,,,,,,,,,,,,
144500,16.695866,2.3928328,,,,,,,,,,,,,,
144525,,,0.6763867139816284,1.3743860721588137,0.6201399564743042,1.6239229440689087,50000.0,0.4973000288009643,2.2640388011932373,10000.0,63482.1950340271,68612.44868993759,63482.1950340271,5116.932015657425,5.847582578659058,0.0
144600,14.018921,3.3260548,,,,,,,,,,,,,,
144700,12.590315,5.0641065,,,,,,,,,,,,,,
144800,16.413437,2.2040071,,,,,,,,,,,,,,
144900,13.363899,4.378149,,,,,,,,,,,,,,
145000,16.368021,2.201983,,,,,,,,,,,,,,
145100,15.307237,2.3079228,,,,,,,,,,,,,,
145200,15.692357,3.1427748,,,,,,,,,,,,,,
145300,16.405783,2.4343183,,,,,,,,,,,,,,
145400,13.9318695,3.5248961,,,,,,,,,,,,,,
145481,,,0.6758007407188416,1.3698523044586182,0.6201399564743042,1.6239229440689087,50000.0,0.4973000288009643,2.2640388011932373,10000.0,63902.13612723351,69067.5551507473,63902.13612723351,5151.993807315826,5.902547836303711,0.0
145500,12.500884,5.262555,,,,,,,,,,,,,,
145600,14.7893715,2.4294097,,,,,,,,,,,,,,
145700,11.572963,4.3857975,,,,,,,,,,,,,,
145800,14.510587,2.2752092,,,,,,,,,,,,,,
145900,15.510903,2.5348346,,,,,,,,,,,,,,
146000,13.111949,3.8915887,,,,,,,,,,,,,,
146100,15.509621,2.3537035,,,,,,,,,,,,,,
146200,16.227901,2.3717148,,,,,,,,,,,,,,
146300,16.510939,2.2624738,,,,,,,,,,,,,,
146400,15.54577,2.3917127,,,,,,,,,,,,,,
146440,,,0.6741796731948853,1.377286672592163,0.6201399564743042,1.6239229440689087,50000.0,0.4973000288009643,2.2640388011932373,10000.0,64322.25931310654,69523.14699625969,64322.25931310654,5187.364465236664,5.951624393463135,0.0
146500,15.000783,2.289473,,,,,,,,,,,,,,
146600,14.794935,2.359314,,,,,,,,,,,,,,
146700,15.324296,2.247874,,,,,,,,,,,,,,
146800,15.73696,2.2448144,,,,,,,,,,,,,,
146900,11.778861,4.846572,,,,,,,,,,,,,,
147000,15.698756,2.2932,,,,,,,,,,,,,,
147100,13.466635,5.179948,,,,,,,,,,,,,,
147200,15.651154,2.3113995,,,,,,,,,,,,,,
147300,16.54839,2.3047128,,,,,,,,,,,,,,
147395,,,0.6775976419448853,1.3736650943756104,0.6201399564743042,1.6239229440689087,50000.0,0.4973000288009643,2.2640388011932373,10000.0,64742.35647583008,69977.65289783478,64742.35647583008,5221.669262886047,6.006097793579102,0.0
147400,12.374442,3.8533053,,,,,,,,,,,,,,
147500,12.4158325,3.7153592,,,,,,,,,,,,,,
147600,13.430248,5.202686,,,,,,,,,,,,,,
147700,15.72008,2.20323,,,,,,,,,,,,,,
147800,16.907793,2.2427285,,,,,,,,,,,,,,
147900,15.780173,2.6194937,,,,,,,,,,,,,,
148000,13.125625,3.751221,,,,,,,,,,,,,,
148100,17.718924,2.3260136,,,,,,,,,,,,,,
148200,16.145521,2.2681384,,,,,,,,,,,,,,
148300,12.857827,5.1130686,,,,,,,,,,,,,,
148353,,,0.675097644329071,1.3748050928115845,0.6201399564743042,1.6239229440689087,50000.0,0.4973000288009643,2.2640388011932373,10000.0,65162.53356218338,70432.01252269745,65162.53356218338,5255.756593465805,6.052304983139038,0.0
148400,16.641453,2.5036044,,,,,,,,,,,,,,
148500,15.740139,2.593467,,,,,,,,,,,,,,
148600,15.352154,2.3238614,,,,,,,,,,,,,,
148700,15.654247,2.2870233,,,,,,,,,,,,,,
148800,12.527846,4.7990174,,,,,,,,,,,,,,
148900,13.661555,3.7120996,,,,,,,,,,,,,,
149000,11.791714,4.308691,,,,,,,,,,,,,,
149100,16.73677,2.334423,,,,,,,,,,,,,,
149200,12.222186,5.1178055,,,,,,,,,,,,,,
149300,16.147749,2.418437,,,,,,,,,,,,,,
149309,,,0.6763085722923279,1.3683172464370728,0.6201399564743042,1.6239229440689087,50000.0,0.4973000288009643,2.2640388011932373,10000.0,65582.51978516579,70887.12471866608,65582.51978516579,5290.786130189896,6.099944829940796,0.0
149400,12.458821,4.2272344,,,,,,,,,,,,,,
149500,16.096275,2.3729005,,,,,,,,,,,,,,
149600,11.770072,4.523561,,,,,,,,,,,,,,
149700,11.965653,5.1613483,,,,,,,,,,,,,,
149800,15.862706,2.624989,,,,,,,,,,,,,,
149900,14.988215,2.254572,,,,,,,,,,,,,,
150000,17.085625,2.3503416,,,,,,,,,,,,,,
150100,14.399331,3.0311477,,,,,,,,,,,,,,
150200,12.597962,5.1516256,,,,,,,,,,,,,,
150266,,,0.6765038967132568,1.3699980974197388,0.6201399564743042,1.6239229440689087,50000.0,0.4973000288009643,2.2640388011932373,10000.0,66002.67325496674,71343.26048731804,66002.67325496674,5326.670929908752,6.148420333862305,0.0
150300,16.125443,2.323124,,,,,,,,,,,,,,
150400,15.168379,2.3418238,,,,,,,,,,,,,,
150500,13.850113,3.240346,,,,,,,,,,,,,,
150600,13.735916,3.7035968,,,,,,,,,,,,,,
150700,16.068092,2.211365,,,,,,,,,,,,,,
150800,12.464676,5.0164337,,,,,,,,,,,,,,
150900,15.907405,2.2184339,,,,,,,,,,,,,,
151000,15.209492,2.1371493,,,,,,,,,,,,,,
151100,13.677729,5.2543774,,,,,,,,,,,,,,
151200,15.889084,2.340233,,,,,,,,,,,,,,
151221,,,0.6753906011581421,1.3774011135101318,0.6201399564743042,1.6239229440689087,50000.0,0.4973000288009643,2.2640388011932373,10000.0,66422.96139025688,71798.60277938843,66422.96139025688,5361.623588323593,6.20144248008728,0.0
151300,12.35368,5.2549086,,,,,,,,,,,,,,
151400,12.700802,4.1465387,,,,,,,,,,,,,,
151500,16.689114,2.3374662,,,,,,,,,,,,,,
151600,13.668053,3.2379932,,,,,,,,,,,,,,
151700,16.457216,2.2210653,,,,,,,,,,,,,,
151800,16.492691,2.4606793,,,,,,,,,,,,,,
151900,12.206581,4.297868,,,,,,,,,,,,,,
152000,12.191904,4.9577417,,,,,,,,,,,,,,
152100,15.420187,2.2784429,,,,,,,,,,,,,,
152178,,,0.6780663728713989,1.364433526992798,0.6201399564743042,1.6239229440689087,50000.0,0.4973000288009643,2.2640388011932373,10000.0,66843.04372739792,72252.93968009949,66843.04372739792,5395.781073093414,6.24997878074646,0.0
152200,15.267806,2.389149,,,,,,,,,,,,,,
152300,15.248963,2.225456,,,,,,,,,,,,,,
152400,14.703799,2.9841144,,,,,,,,,,,,,,
152500,16.217842,2.3074238,,,,,,,,,,,,,,
152600,13.306472,3.8261821,,,,,,,,,,,,,,
152700,14.772198,2.940599,,,,,,,,,,,,,,
152800,15.074856,2.3815134,,,,,,,,,,,,,,
152900,16.593033,2.2459269,,,,,,,,,,,,,,
153000,16.145973,2.2843723,,,,,,,,,,,,,,
153100,16.653976,2.288342,,,,,,,,,,,,,,
153136,,,0.6760937571525574,1.3738670349121094,0.6201399564743042,1.6239229440689087,50000.0,0.4973000288009643,2.2640388011932373,10000.0,67263.2152159214,72708.75479412079,67263.2152159214,5431.320766925812,6.3052263259887695,0.0
153200,14.273105,2.6563182,,,,,,,,,,,,,,
153300,13.257029,2.6784472,,,,,,,,,,,,,,
153400,13.96417,3.1946936,,,,,,,,,,,,,,
153500,15.429618,2.452227,,,,,,,,,,,,,,
153600,16.244656,2.2422447,,,,,,,,,,,,,,
153700,15.404449,2.1732657,,,,,,,,,,,,,,
153800,14.741552,2.6988885,,,,,,,,,,,,,,
153900,17.17431,2.4162822,,,,,,,,,,,,,,
154000,14.147021,2.5589578,,,,,,,,,,,,,,
154091,,,0.67919921875,1.356727123260498,0.6201399564743042,1.6239229440689087,50000.0,0.4973000288009643,2.2640388011932373,10000.0,67683.41639876366,73164.92732930183,67683.41639876366,5467.193551540375,6.354062080383301,0.0
154100,15.376497,2.3278868,,,,,,,,,,,,,,
154200,13.148042,3.2727718,,,,,,,,,,,,,,
154300,16.457434,2.234872,,,,,,,,,,,,,,
154400,16.714712,2.415573,,,,,,,,,,,,,,
154500,14.376593,2.5345938,,,,,,,,,,,,,,
154600,15.136545,2.195768,,,,,,,,,,,,,,
154700,15.978816,2.3684893,,,,,,,,,,,,,,
154800,14.81294,2.4023907,,,,,,,,,,,,,,
154900,16.336134,2.4346457,,,,,,,,,,,,,,
155000,12.221777,4.922477,,,,,,,,,,,,,,
155046,,,0.6769140362739563,1.373072624206543,0.6201399564743042,1.6239229440689087,50000.0,0.4973000288009643,2.2640388011932373,10000.0,68103.69138979912,73621.35808157921,68103.69138979912,5503.247997283936,6.405473709106445,0.0
155100,12.385359,4.3504796,,,,,,,,,,,,,,
155200,10.735376,4.7462187,,,,,,,,,,,,,,
155300,15.04571,2.4644077,,,,,,,,,,,,,,
155400,12.669804,4.4005895,,,,,,,,,,,,,,
155500,16.447039,2.4707854,,,,,,,,,,,,,,
155600,11.841536,5.154892,,,,,,,,,,,,,,
155700,13.699137,2.8311963,,,,,,,,,,,,,,
155800,15.253468,2.1855938,,,,,,,,,,,,,,
155900,15.907163,2.3260396,,,,,,,,,,,,,,
156000,11.526097,5.239399,,,,,,,,,,,,,,
156004,,,0.6809960603713989,1.3523908853530884,0.6201399564743042,1.6239229440689087,50000.0,0.4973000288009643,2.2640388011932373,10000.0,68523.77537345886,74076.3234155178,68523.77537345886,5538.021770477295,6.464012861251831,0.0
156100,15.539825,2.5770824,,,,,,,,,,,,,,
156200,11.559121,4.0718412,,,,,,,,,,,,,,
156300,13.699482,5.171872,,,,,,,,,,,,,,
156400,12.191488,4.3103805,,,,,,,,,,,,,,
156500,16.414076,2.3379326,,,,,,,,,,,,,,
156600,15.418239,2.255436,,,,,,,,,,,,,,
156700,15.628754,2.3458228,,,,,,,,,,,,,,
156800,18.824543,2.3328443,,,,,,,,,,,,,,
156900,15.097251,2.7094307,,,,,,,,,,,,,,
156960,,,0.6768164038658142,1.3690311908721924,0.6201399564743042,1.6239229440689087,50000.0,0.4973000288009643,2.2640388011932373,10000.0,68943.98939347267,74531.59504175186,68943.98939347267,5572.977030992508,6.517596244812012,0.0
157000,11.488106,5.0636687,,,,,,,,,,,,,,
157100,13.538434,3.156019,,,,,,,,,,,,,,
157200,13.797144,3.4791615,,,,,,,,,,,,,,
157300,12.013427,5.148876,,,,,,,,,,,,,,
157400,14.771808,2.6640968,,,,,,,,,,,,,,
157500,11.546636,5.154444,,,,,,,,,,,,,,
157600,11.91869,4.2992716,,,,,,,,,,,,,,
157700,15.673095,2.358612,,,,,,,,,,,,,,
157800,12.137914,5.178974,,,,,,,,,,,,,,
157900,11.601065,4.9480205,,,,,,,,,,,,,,
157913,,,0.6753515601158142,1.3702623844146729,0.6201399564743042,1.6239229440689087,50000.0,0.4973000288009643,2.2640388011932373,10000.0,69363.70357751846,74988.00638437271,69363.70357751846,5609.33389544487,6.809257984161377,0.0
158000,11.291357,5.1204715,,,,,,,,,,,,,,
158100,14.476766,3.9946613,,,,,,,,,,,,,,
158200,11.854727,5.0024548,,,,,,,,,,,,,,
158300,16.155035,2.7827032,,,,,,,,,,,,,,
158400,12.988746,4.26996,,,,,,,,,,,,,,
158500,14.9692545,2.709055,,,,,,,,,,,,,,
158600,17.126255,2.3897681,,,,,,,,,,,,,,
158700,12.886463,4.336189,,,,,,,,,,,,,,
158800,12.09148,5.0577893,,,,,,,,,,,,,,
158868,,,0.6776757836341858,1.3671432733535769,0.6201399564743042,1.6239229440689087,50000.0,0.4973000288009643,2.2640388011932373,10000.0,69783.81517934799,75444.0724709034,69783.81517934799,5645.190555334091,6.85846734046936,0.0
158900,16.133099,2.241941,,,,,,,,,,,,,,
159000,15.3479185,2.2519994,,,,,,,,,,,,,,
159100,12.186778,5.0323715,,,,,,,,,,,,,,
159200,12.53921,5.2365346,,,,,,,,,,,,,,
159300,16.415953,2.2464364,,,,,,,,,,,,,,
159400,15.5460205,2.3033738,,,,,,,,,,,,,,
159500,13.789921,3.4659195,,,,,,,,,,,,,,
159600,11.838172,4.537344,,,,,,,,,,,,,,
159700,13.430152,3.1276908,,,,,,,,,,,,,,
159800,15.956705,2.2133403,,,,,,,,,,,,,,
159823,,,0.6772655844688416,1.3680869340896606,0.6201399564743042,1.6239229440689087,50000.0,0.4973000288009643,2.2640388011932373,10000.0,70203.78327059746,75899.57760548592,70203.78327059746,5680.625977039337,6.9116175174713135,0.0
159900,15.7126,2.262007,,,,,,,,,,,,,,
160000,16.877523,2.2733538,,,,,,,,,,,,,,
160100,15.668197,2.1838033,,,,,,,,,,,,,,
160200,14.088921,3.4935577,,,,,,,,,,,,,,
160300,15.182587,2.30589,,,,,,,,,,,,,,
160400,13.175107,4.3614707,,,,,,,,,,,,,,
160500,11.54308,4.552111,,,,,,,,,,,,,,
160600,13.1553,4.2403884,,,,,,,,,,,,,,
160700,16.145847,2.288696,,,,,,,,,,,,,,
160779,,,0.6772069931030273,1.3645097017288208,0.6201399564743042,1.6239229440689087,50000.0,0.4973000288009643,2.2640388011932373,10000.0,70623.85329031944,76353.36910796165,70623.85329031944,5714.247640371323,6.963025808334351,0.0
160800,14.401015,2.3097117,,,,,,,,,,,,,,
160900,12.460047,5.2645693,,,,,,,,,,,,,,
161000,14.2501335,3.3635373,,,,,,,,,,,,,,
161100,15.600165,2.301861,,,,,,,,,,,,,,
161200,16.051104,2.4822297,,,,,,,,,,,,,,
161300,12.302648,5.2279744,,,,,,,,,,,,,,
161400,16.981552,2.3659127,,,,,,,,,,,,,,
161500,16.6859,2.2682824,,,,,,,,,,,,,,
161600,15.048122,2.7488396,,,,,,,,,,,,,,
161700,15.0672,2.5909462,,,,,,,,,,,,,,
161733,,,0.6771484017372131,1.3705313205718994,0.6201399564743042,1.6239229440689087,50000.0,0.4973000288009643,2.2640388011932373,10000.0,71043.91276288033,76808.58493971825,71043.91276288033,5749.305030345917,7.013716697692871,0.0
161800,15.401575,2.3529346,,,,,,,,,,,,,,
161900,13.220051,3.7411957,,,,,,,,,,,,,,
162000,14.955906,3.20945,,,,,,,,,,,,,,
162100,17.211311,2.4339075,,,,,,,,,,,,,,
162200,16.783686,2.281271,,,,,,,,,,,,,,
162300,15.307848,2.9637508,,,,,,,,,,,,,,
162400,16.709324,2.387052,,,,,,,,,,,,,,
162500,13.9682455,3.7501597,,,,,,,,,,,,,,
162600,15.515719,2.3276312,,,,,,,,,,,,,,
162689,,,0.6800000071525574,1.3650493621826172,0.6201399564743042,1.6239229440689087,50000.0,0.4973000288009643,2.2640388011932373,10000.0,71463.95835781097,77264.52474141121,71463.95835781097,5785.101823806763,7.063214302062988,0.0
162700,14.21102,2.8148003,,,,,,,,,,,,,,
162800,15.84853,2.26789,,,,,,,,,,,,,,
162900,16.612453,2.181041,,,,,,,,,,,,,,
163000,15.791489,2.3342981,,,,,,,,,,,,,,
163100,15.863962,2.4880028,,,,,,,,,,,,,,
163200,15.306841,2.4218574,,,,,,,,,,,,,,
163300,13.215336,3.3135982,,,,,,,,,,,,,,
163400,15.982829,2.2861454,,,,,,,,,,,,,,
163500,16.374662,2.294977,,,,,,,,,,,,,,
163600,14.379355,4.451856,,,,,,,,,,,,,,
163646,,,0.6816210746765137,1.354567050933838,0.6201399564743042,1.6239229440689087,50000.0,0.4973000288009643,2.2640388011932373,10000.0,71884.06372833252,77719.98042464256,71884.06372833252,5820.348227500916,7.1179039478302,0.0
163700,14.390407,3.4003758,,,,,,,,,,,,,,
163800,16.580791,2.2231455,,,,,,,,,,,,,,
163900,16.90563,2.2250335,,,,,,,,,,,,,,
164000,16.676025,3.5821679,,,,,,,,,,,,,,
164100,12.741382,4.225954,,,,,,,,,,,,,,
164200,16.18625,2.3574235,,,,,,,,,,,,,,
164300,15.1207075,2.358775,,,,,,,,,,,,,,
164400,16.757975,2.480626,,,,,,,,,,,,,,
164500,13.284515,4.042503,,,,,,,,,,,,,,
164600,11.630771,5.185763,,,,,,,,,,,,,,
164603,,,0.6782616972923279,1.3633005619049072,0.6201399564743042,1.6239229440689087,50000.0,0.4973000288009643,2.2640388011932373,10000.0,72304.02427887917,78175.10236096382,72304.02427887917,5855.408459186554,7.170356273651123,0.0
164700,16.04478,2.3472383,,,,,,,,,,,,,,
164800,15.996063,2.356997,,,,,,,,,,,,,,
164900,12.395867,5.258602,,,,,,,,,,,,,,
165000,12.821288,4.7523227,,,,,,,,,,,,,,
165100,15.475824,2.3479946,,,,,,,,,,,,,,
165200,15.766967,2.2756329,,,,,,,,,,,,,,
165300,15.211972,2.2520344,,,,,,,,,,,,,,
165400,13.185357,3.2786798,,,,,,,,,,,,,,
165500,15.359568,2.151228,,,,,,,,,,,,,,
165558,,,0.677050769329071,1.3723530769348145,0.6201399564743042,1.6239229440689087,50000.0,0.4973000288009643,2.2640388011932373,10000.0,72723.92451238632,78629.68050527573,72723.92451238632,5889.980134963989,7.228439807891846,0.0
165600,16.539413,2.2519298,,,,,,,,,,,,,,
165700,17.040144,2.2411306,,,,,,,,,,,,,,
165800,16.221447,2.2706902,,,,,,,,,,,,,,
165900,15.014222,2.4244902,,,,,,,,,,,,,,
166000,15.841018,2.286086,,,,,,,,,,,,,,
166100,14.648113,2.6672978,,,,,,,,,,,,,,
166200,11.851683,4.737057,,,,,,,,,,,,,,
166300,16.782661,2.2582903,,,,,,,,,,,,,,
166400,15.401697,2.4004636,,,,,,,,,,,,,,
166500,15.903626,2.377054,,,,,,,,,,,,,,
166512,,,0.6786132454872131,1.3609402179718018,0.6201399564743042,1.6239229440689087,50000.0,0.4973000288009643,2.2640388011932373,10000.0,73144.1827056408,79085.69357061386,73144.1827056408,5925.629064798355,7.284944772720337,0.0
166600,15.868594,2.2293885,,,,,,,,,,,,,,
166700,15.47086,2.4574437,,,,,,,,,,,,,,
166800,15.568964,2.3487668,,,,,,,,,,,,,,
166900,16.395145,2.3179922,,,,,,,,,,,,,,
167000,12.711427,4.2000694,,,,,,,,,,,,,,
167100,13.934083,2.9544716,,,,,,,,,,,,,,
167200,13.548913,2.9861069,,,,,,,,,,,,,,
167300,17.417934,2.3374171,,,,,,,,,,,,,,
167400,15.991334,2.2138145,,,,,,,,,,,,,,
167466,,,0.6761132478713989,1.378262639045715,0.6201399564743042,1.6239229440689087,50000.0,0.4973000288009643,2.2640388011932373,10000.0,73564.1140384674,79542.45912909508,73564.1140384674,5962.36320233345,7.336319446563721,0.0
167500,12.061485,3.9861505,,,,,,,,,,,,,,
167600,13.2223835,3.782932,,,,,,,,,,,,,,
167700,12.276158,4.8466353,,,,,,,,,,,,,,
167800,13.2797985,3.718892,,,,,,,,,,,,,,
167900,15.064855,2.239638,,,,,,,,,,,,,,
168000,14.897701,2.3995786,,,,,,,,,,,,,,
168100,13.64524,3.0656967,,,,,,,,,,,,,,
168200,12.462122,5.226285,,,,,,,,,,,,,,
168300,15.487669,2.1611779,,,,,,,,,,,,,,
168400,13.377523,3.3376193,,,,,,,,,,,,,,
168421,,,0.6783984303474426,1.3600540161132812,0.6201399564743042,1.6239229440689087,50000.0,0.4973000288009643,2.2640388011932373,10000.0,73984.08753824234,79997.1800596714,73984.08753824234,5997.008415222168,7.389540672302246,0.0
168500,12.256422,5.0211406,,,,,,,,,,,,,,
168600,16.990978,2.1877785,,,,,,,,,,,,,,
168700,16.197899,2.2996595,,,,,,,,,,,,,,
168800,15.221268,2.3760242,,,,,,,,,,,,,,
168900,13.268216,3.6212358,,,,,,,,,,,,,,
169000,14.883984,2.2118998,,,,,,,,,,,,,,
169100,14.5669,2.2479675,,,,,,,,,,,,,,
169200,13.327734,4.2406483,,,,,,,,,,,,,,
169300,12.261272,4.376086,,,,,,,,,,,,,,
169376,,,0.6750195026397705,1.3808705806732178,0.6201399564743042,1.6239229440689087,50000.0,0.4973000288009643,2.2640388011932373,10000.0,74404.02152466774,80452.61298298836,74404.02152466774,6032.40820813179,7.440408706665039,0.0
169400,15.494526,2.5859256,,,,,,,,,,,,,,
169500,16.326664,2.2101293,,,,,,,,,,,,,,
169600,16.89657,2.3659344,,,,,,,,,,,,,,
169700,15.464324,2.8668134,,,,,,,,,,,,,,
169800,15.628058,2.4573524,,,,,,,,,,,,,,
169900,13.552071,3.5056136,,,,,,,,,,,,,,
170000,16.00607,2.4556658,,,,,,,,,,,,,,
170100,16.674297,2.4041874,,,,,,,,,,,,,,
170200,11.466965,4.1288476,,,,,,,,,,,,,,
170300,15.235031,2.1478515,,,,,,,,,,,,,,
170333,,,0.6771093606948853,1.3674380779266355,0.6201399564743042,1.6239229440689087,50000.0,0.4973000288009643,2.2640388011932373,10000.0,74824.25220894814,80908.5223224163,74824.25220894814,6067.98499250412,7.492823600769043,0.0
170400,12.253334,4.040781,,,,,,,,,,,,,,
170500,13.5720215,4.3608084,,,,,,,,,,,,,,
170600,15.32183,2.2817664,,,,,,,,,,,,,,
170700,16.387836,2.6530623,,,,,,,,,,,,,,
170800,14.976266,3.2652557,,,,,,,,,,,,,,
170900,13.260319,5.116148,,,,,,,,,,,,,,
171000,15.99749,2.197246,,,,,,,,,,,,,,
171100,16.229996,2.3477895,,,,,,,,,,,,,,
171200,16.734114,2.312633,,,,,,,,,,,,,,
171290,,,0.6761132478713989,1.371363639831543,0.6201399564743042,1.6239229440689087,50000.0,0.4973000288009643,2.2640388011932373,10000.0,75244.42825984955,81365.4140329361,75244.42825984955,6104.599259376526,7.544567346572876,0.0
171300,12.951989,4.373488,,,,,,,,,,,,,,
171400,17.272175,2.3023589,,,,,,,,,,,,,,
171500,12.361523,4.3437023,,,,,,,,,,,,,,
171600,15.127233,2.4259372,,,,,,,,,,,,,,
171700,16.146582,2.3706717,,,,,,,,,,,,,,
171800,14.999461,2.3310142,,,,,,,,,,,,,,
171900,16.411875,2.2703817,,,,,,,,,,,,,,
172000,14.196898,4.429091,,,,,,,,,,,,,,
172100,15.738321,2.6827064,,,,,,,,,,,,,,
172200,12.074418,4.9875402,,,,,,,,,,,,,,
172246,,,0.6760937571525574,1.3763689994812012,0.6201399564743042,1.6239229440689087,50000.0,0.4973000288009643,2.2640388011932373,10000.0,75664.44565081596,81822.11888885498,75664.44565081596,6141.17845416069,7.603437662124634,0.0
172300,15.280724,2.2562613,,,,,,,,,,,,,,
172400,12.833352,4.6354575,,,,,,,,,,,,,,
172500,16.158552,2.3370275,,,,,,,,,,,,,,
172600,14.765912,2.2573292,,,,,,,,,,,,,,
172700,14.14015,5.20536,,,,,,,,,,,,,,
172800,16.033918,2.2334955,,,,,,,,,,,,,,
172900,15.4561,2.2558565,,,,,,,,,,,,,,
173000,16.527191,2.1125681,,,,,,,,,,,,,,
173100,13.458444,3.4280295,,,,,,,,,,,,,,
173200,15.811439,2.3054347,,,,,,,,,,,,,,
173202,,,0.6737890243530273,1.3730137348175049,0.6201399564743042,1.6239229440689087,50000.0,0.4973000288009643,2.2640388011932373,10000.0,76084.4215502739,82276.13442540169,76084.4215502739,6175.11824631691,7.654422283172607,0.0
173300,14.5047455,3.3487983,,,,,,,,,,,,,,
173400,15.554607,2.2294073,,,,,,,,,,,,,,
173500,13.2735405,3.4652555,,,,,,,,,,,,,,
173600,15.752138,2.2558944,,,,,,,,,,,,,,
173700,17.232512,2.5313787,,,,,,,,,,,,,,
173800,15.652046,2.297401,,,,,,,,,,,,,,
173900,16.428581,2.200175,,,,,,,,,,,,,,
174000,14.030369,3.807724,,,,,,,,,,,,,,
174100,11.643492,4.9938774,,,,,,,,,,,,,,
174156,,,0.6771875023841858,1.372079610824585,0.6201399564743042,1.6239229440689087,50000.0,0.4973000288009643,2.2640388011932373,10000.0,76504.3808195591,82731.77797174454,76504.3808195591,6210.692940235138,7.715626239776611,0.0
174200,13.189988,3.6490993,,,,,,,,,,,,,,
174300,15.121821,2.5030262,,,,,,,,,,,,,,
174400,16.264229,2.3075426,,,,,,,,,,,,,,
174500,15.695159,2.4703271,,,,,,,,,,,,,,
174600,11.971533,5.1049776,,,,,,,,,,,,,,
174700,14.645284,2.920374,,,,,,,,,,,,,,
174800,16.501316,2.411424,,,,,,,,,,,,,,
174900,16.796804,2.3106205,,,,,,,,,,,,,,
175000,15.439572,2.325128,,,,,,,,,,,,,,
175100,13.004616,3.379376,,,,,,,,,,,,,,
175112,,,0.6754101514816284,1.3723591566085815,0.6201399564743042,1.6239229440689087,50000.0,0.4973000288009643,2.2640388011932373,10000.0,76924.48404860497,83187.51739931107,76924.48404860497,6246.227048635483,7.768568992614746,0.0
175200,15.583128,2.3107355,,,,,,,,,,,,,,
175300,11.701935,4.7223797,,,,,,,,,,,,,,
175400,16.211706,2.2199535,,,,,,,,,,,,,,
175500,15.884094,2.3664322,,,,,,,,,,,,,,
175600,13.939198,3.6182308,,,,,,,,,,,,,,
175700,16.094105,2.3092322,,,,,,,,,,,,,,
175800,16.04039,2.3607843,,,,,,,,,,,,,,
175900,15.509546,2.47583,,,,,,,,,,,,,,
176000,15.015231,2.2866535,,,,,,,,,,,,,,
176071,,,0.6803320050239563,1.358344554901123,0.6201399564743042,1.6239229440689087,50000.0,0.4973000288009643,2.2640388011932373,10000.0,77344.49505281448,83644.01778316498,77344.49505281448,6282.614997148514,7.820730924606323,0.0
176100,14.834318,2.2669785,,,,,,,,,,,,,,
176200,12.761171,3.9018493,,,,,,,,,,,,,,
176300,16.097307,2.1735141,,,,,,,,,,,,,,
176400,17.200275,2.3216305,,,,,,,,,,,,,,
176478,,,,,,,,,,,77520.24739837646,,,,,0.0
