global_step,grad_norm,loss,lr,train/accuracy,train/loss,validation/accuracy,validation/loss,validation/num_examples,test/accuracy,test/loss,test/num_examples,score,total_duration,accumulated_submission_time,accumulated_eval_time,accumulated_logging_time,preemption_count
0,0.3575601,6.907754,0.0,,,,,,,,,,,,,,
1,,,,0.001015624962747,6.907756328582764,0.0009999999310821,6.9077558517456055,50000.0,0.0010000000474974,6.907756805419922,10000.0,42.9395797252655,81.93226838111877,42.9395797252655,38.99259805679321,0.0,0.0
1,0.367881,6.907756,1.2749806e-06,,,,,,,,,,,,,,
2,0.35295168,6.907755,2.550194e-06,,,,,,,,,,,,,,
3,0.36855134,6.9077787,3.8251746e-06,,,,,,,,,,,,,,
4,0.3523916,6.9077477,5.1001552e-06,,,,,,,,,,,,,,
5,0.36746743,6.907696,6.3753687e-06,,,,,,,,,,,,,,
6,0.34397826,6.907707,7.650349e-06,,,,,,,,,,,,,,
7,0.35902485,6.907775,8.92533e-06,,,,,,,,,,,,,,
8,0.33645698,6.9078517,1.0200543e-05,,,,,,,,,,,,,,
9,0.3601993,6.907541,1.1475524e-05,,,,,,,,,,,,,,
10,0.35143545,6.9075117,1.27505045e-05,,,,,,,,,,,,,,
11,0.35970658,6.9077187,1.4025718e-05,,,,,,,,,,,,,,
12,0.32888514,6.9075656,1.5300699e-05,,,,,,,,,,,,,,
13,0.34413373,6.9075513,1.657568e-05,,,,,,,,,,,,,,
14,0.36005703,6.9075165,1.7850893e-05,,,,,,,,,,,,,,
15,0.37506288,6.9071207,1.9125873e-05,,,,,,,,,,,,,,
16,0.33501625,6.907343,2.0400854e-05,,,,,,,,,,,,,,
17,0.34464663,6.907217,2.1676067e-05,,,,,,,,,,,,,,
18,0.38175496,6.90662,2.2951048e-05,,,,,,,,,,,,,,
19,0.35893914,6.9064374,2.4226028e-05,,,,,,,,,,,,,,
20,0.38603842,6.9068494,2.5501242e-05,,,,,,,,,,,,,,
21,0.3620987,6.906357,2.6776223e-05,,,,,,,,,,,,,,
22,0.39711514,6.9061775,2.8051203e-05,,,,,,,,,,,,,,
23,0.3639571,6.9062433,2.9326184e-05,,,,,,,,,,,,,,
24,0.3973405,6.906325,3.0601397e-05,,,,,,,,,,,,,,
25,0.4192455,6.9051867,3.1876378e-05,,,,,,,,,,,,,,
26,0.36746147,6.9052434,3.315136e-05,,,,,,,,,,,,,,
27,0.42951792,6.9044285,3.442657e-05,,,,,,,,,,,,,,
28,0.43494448,6.905552,3.5701552e-05,,,,,,,,,,,,,,
29,0.40553278,6.905338,3.6976533e-05,,,,,,,,,,,,,,
30,0.3644605,6.9059834,3.8251746e-05,,,,,,,,,,,,,,
31,0.42779404,6.9022384,3.9526727e-05,,,,,,,,,,,,,,
32,0.4265434,6.903691,4.0801708e-05,,,,,,,,,,,,,,
33,0.42733324,6.902547,4.207692e-05,,,,,,,,,,,,,,
34,0.39946848,6.9023094,4.33519e-05,,,,,,,,,,,,,,
35,0.45551074,6.901557,4.4626882e-05,,,,,,,,,,,,,,
36,0.3849818,6.903436,4.5902096e-05,,,,,,,,,,,,,,
37,0.45916522,6.901226,4.7177076e-05,,,,,,,,,,,,,,
38,0.45273829,6.900805,4.8452057e-05,,,,,,,,,,,,,,
39,0.42511654,6.90186,4.972727e-05,,,,,,,,,,,,,,
40,0.41723838,6.900896,5.100225e-05,,,,,,,,,,,,,,
41,0.40001488,6.90231,5.227723e-05,,,,,,,,,,,,,,
42,0.47154978,6.8978887,5.3552445e-05,,,,,,,,,,,,,,
43,0.4631216,6.899441,5.4827426e-05,,,,,,,,,,,,,,
44,0.40850854,6.899345,5.6102406e-05,,,,,,,,,,,,,,
45,0.45530716,6.895502,5.737762e-05,,,,,,,,,,,,,,
46,0.48492682,6.896015,5.86526e-05,,,,,,,,,,,,,,
47,0.41124034,6.89932,5.992758e-05,,,,,,,,,,,,,,
48,0.46096614,6.892815,6.1202794e-05,,,,,,,,,,,,,,
49,0.40578634,6.901084,6.2477775e-05,,,,,,,,,,,,,,
50,0.48986143,6.8926473,6.3752756e-05,,,,,,,,,,,,,,
51,0.46630633,6.8910604,6.502797e-05,,,,,,,,,,,,,,
52,0.48740658,6.891329,6.630295e-05,,,,,,,,,,,,,,
53,0.5166922,6.891918,6.757793e-05,,,,,,,,,,,,,,
54,0.48911512,6.888296,6.885314e-05,,,,,,,,,,,,,,
55,0.45281428,6.8919177,7.0128124e-05,,,,,,,,,,,,,,
56,0.45018333,6.8868957,7.1403105e-05,,,,,,,,,,,,,,
57,0.50221175,6.8938355,7.267832e-05,,,,,,,,,,,,,,
58,0.44946218,6.8921337,7.39533e-05,,,,,,,,,,,,,,
59,0.43271175,6.894052,7.522828e-05,,,,,,,,,,,,,,
60,0.4325371,6.894138,7.650349e-05,,,,,,,,,,,,,,
61,0.47275937,6.880357,7.777847e-05,,,,,,,,,,,,,,
62,0.5035215,6.878236,7.9053454e-05,,,,,,,,,,,,,,
63,0.52581984,6.8815756,8.032867e-05,,,,,,,,,,,,,,
64,0.5013628,6.882817,8.160365e-05,,,,,,,,,,,,,,
65,0.50445294,6.882751,8.287863e-05,,,,,,,,,,,,,,
66,0.42290288,6.888689,8.415384e-05,,,,,,,,,,,,,,
67,0.50852126,6.8716764,8.542882e-05,,,,,,,,,,,,,,
68,0.51319635,6.8684115,8.67038e-05,,,,,,,,,,,,,,
69,0.510731,6.872374,8.7978784e-05,,,,,,,,,,,,,,
70,0.42363942,6.8905053,8.9254e-05,,,,,,,,,,,,,,
71,0.4261001,6.882092,9.052898e-05,,,,,,,,,,,,,,
72,0.51827645,6.870676,9.180396e-05,,,,,,,,,,,,,,
73,0.5098245,6.872079,9.307917e-05,,,,,,,,,,,,,,
74,0.509072,6.8660173,9.435415e-05,,,,,,,,,,,,,,
75,0.5233731,6.866231,9.562913e-05,,,,,,,,,,,,,,
76,0.5284663,6.870715,9.690435e-05,,,,,,,,,,,,,,
77,0.5182658,6.86194,9.817933e-05,,,,,,,,,,,,,,
78,0.43260452,6.885249,9.945431e-05,,,,,,,,,,,,,,
79,0.4451539,6.8898087,0.00010072952,,,,,,,,,,,,,,
80,0.5279389,6.8537803,0.0001020045,,,,,,,,,,,,,,
81,0.43102622,6.8772855,0.00010327948,,,,,,,,,,,,,,
82,0.496532,6.861238,0.000104554696,,,,,,,,,,,,,,
83,0.46472135,6.860075,0.00010582968,,,,,,,,,,,,,,
84,0.41687852,6.8799405,0.00010710466,,,,,,,,,,,,,,
85,0.43357065,6.8749614,0.00010837987,,,,,,,,,,,,,,
86,0.539904,6.8618116,0.00010965485,,,,,,,,,,,,,,
87,0.56078637,6.8665705,0.00011092983,,,,,,,,,,,,,,
88,0.52006185,6.838867,0.000112205045,,,,,,,,,,,,,,
89,0.4410494,6.871538,0.000113480026,,,,,,,,,,,,,,
90,0.4196093,6.865244,0.00011475501,,,,,,,,,,,,,,
91,0.5073294,6.855742,0.00011603022,,,,,,,,,,,,,,
92,0.5175636,6.8406034,0.0001173052,,,,,,,,,,,,,,
93,0.5187534,6.8418636,0.00011858018,,,,,,,,,,,,,,
94,0.43639395,6.8712425,0.000119855395,,,,,,,,,,,,,,
95,0.529832,6.836174,0.000121130375,,,,,,,,,,,,,,
96,0.44962338,6.849016,0.00012240536,,,,,,,,,,,,,,
97,0.55761325,6.843373,0.00012368057,,,,,,,,,,,,,,
98,0.577862,6.831877,0.00012495555,,,,,,,,,,,,,,
99,0.46232012,6.85732,0.00012623076,,,,,,,,,,,,,,
904,,,,0.0477539040148258,5.5961127281188965,0.0449599996209144,5.623264312744141,50000.0,0.0351999998092651,5.785901069641113,10000.0,463.2350571155548,523.9891345500946,463.2350571155548,60.67410135269165,0.028313398361206,0.0
1858,,,,0.1101562455296516,4.885867595672607,0.1047199964523315,4.936474323272705,50000.0,0.0842000022530555,5.208055019378662,10000.0,883.2914419174194,965.5885705947876,883.2914419174194,82.13438582420349,0.0569756031036376,0.0
2816,,,,0.1745507717132568,4.326066493988037,0.157260000705719,4.45651912689209,50000.0,0.1185000091791153,4.805433750152588,10000.0,1303.5347383022308,1407.4635541439056,1303.5347383022308,103.68355584144592,0.086329698562622,0.0
3772,,,,0.1983203142881393,4.100915908813477,0.1833399981260299,4.187798500061035,50000.0,0.135900005698204,4.596053600311279,10000.0,1723.6821682453156,1849.899987697601,1723.6821682453156,125.89157748222352,0.1145689487457275,0.0
4727,,,,0.2140039056539535,3.991371393203736,0.1982599943876266,4.093092918395996,50000.0,0.1541000008583068,4.505878925323486,10000.0,2143.989544391632,2292.27663898468,2143.989544391632,147.87577056884766,0.1466865539550781,0.0
5678,,,,0.2410742193460464,3.7696590423583984,0.2206799983978271,3.9023613929748535,50000.0,0.1717000007629394,4.34842586517334,10000.0,2563.9479367733,2733.974020242691,2563.9479367733,169.53175592422485,0.1773421764373779,0.0
6628,,,,0.2531054615974426,3.70029878616333,0.2280599921941757,3.850276708602905,50000.0,0.1737000048160553,4.284810543060303,10000.0,2984.206452846527,3175.90348815918,2984.206452846527,191.113787651062,0.2128956317901611,0.0
7575,,,,0.2586523294448852,3.680356025695801,0.2392800003290176,3.798696756362915,50000.0,0.1783000081777572,4.261375427246094,10000.0,3404.545939445496,3620.577798604965,3404.545939445496,215.35955214500427,0.2488386631011963,0.0
8516,,,,0.2667773365974426,3.619750499725342,0.2451400011777877,3.7241768836975098,50000.0,0.1882000118494033,4.187314033508301,10000.0,3824.6193759441376,4066.216901063919,3824.6193759441376,240.83584308624268,0.2867257595062256,0.0
9460,,,,0.283007800579071,3.5147035121917725,0.2525799870491028,3.682959794998169,50000.0,0.1942000091075897,4.152332305908203,10000.0,4244.767649650574,4511.719384670258,4244.767649650574,266.0941710472107,0.3304135799407959,0.0
10404,,,,0.2758203148841858,3.5307328701019287,0.2590399980545044,3.644974708557129,50000.0,0.1970000118017196,4.114711761474609,10000.0,4664.7722108364105,4957.124477624893,4664.7722108364105,291.41002774238586,0.3627271652221679,0.0
11347,,,,0.2720312476158142,3.55710768699646,0.2527599930763244,3.67724871635437,50000.0,0.1891000121831894,4.165477752685547,10000.0,5084.937782764435,5404.242805719376,5084.937782764435,318.2811441421509,0.3931903839111328,0.0
12289,,,,0.293749988079071,3.449357509613037,0.2626000046730041,3.5942835807800293,50000.0,0.2022000104188919,4.081840515136719,10000.0,5505.104246616364,5853.540909290314,5505.104246616364,347.3307180404663,0.4244031906127929,0.0
13232,,,,0.3094531297683716,3.341548681259156,0.2742199897766113,3.516273021697998,50000.0,0.2127000093460083,4.004141330718994,10000.0,5925.1472997665405,6301.6530730724335,5925.1472997665405,375.3164727687836,0.4557793140411377,0.0
14174,,,,0.2978515625,3.3879313468933105,0.2770799994468689,3.5064773559570312,50000.0,0.2078000158071518,4.005246162414551,10000.0,6345.176842212677,6754.588011741638,6345.176842212677,408.1399757862091,0.4863533973693847,0.0
15114,,,,0.2956640422344208,3.411790609359741,0.2726599872112274,3.554107666015625,50000.0,0.2108000069856643,4.041304588317871,10000.0,6765.391738653183,7210.419139385223,6765.391738653183,443.66294384002686,0.5288863182067871,0.0
16060,,,,0.3052343726158142,3.3334431648254395,0.273499995470047,3.5147390365600586,50000.0,0.2098000049591064,4.018814563751221,10000.0,7185.7241468429565,7668.746273994446,7185.7241468429565,481.58007621765137,0.5549983978271484,0.0
17002,,,,0.3112109303474426,3.321008443832397,0.2926200032234192,3.440593957901001,50000.0,0.2219000160694122,3.953441619873047,10000.0,7606.010411739349,8126.98170042038,7606.010411739349,519.4514229297638,0.5826961994171143,0.0
17944,,,,0.3049023449420929,3.4021453857421875,0.2847599983215332,3.508615732192993,50000.0,0.2199000120162964,4.01905632019043,10000.0,8026.302862167358,8586.556729316711,8026.302862167358,558.6448872089386,0.6216952800750732,0.0
18881,,,,0.313281238079071,3.2756130695343018,0.289139986038208,3.434159278869629,50000.0,0.2179000079631805,3.963560342788696,10000.0,8446.30189538002,9043.219197511671,8446.30189538002,595.2269423007965,0.6520805358886719,0.0
19815,,,,0.3207421898841858,3.300036907196045,0.2917400002479553,3.4379286766052246,50000.0,0.2259000092744827,3.959627151489258,10000.0,8866.527243375778,9501.426223516464,8866.527243375778,633.1168456077576,0.6939082145690918,0.0
20749,,,,0.3217968642711639,3.2288365364074707,0.2992599904537201,3.350801467895508,50000.0,0.2303000092506408,3.884726047515869,10000.0,9286.863488197328,9960.092432022097,9286.863488197328,671.3634843826294,0.7277839183807373,0.0
21680,,,,0.3286523222923279,3.2108047008514404,0.2966399788856506,3.373603582382202,50000.0,0.2325000166893005,3.87573766708374,10000.0,9706.91344666481,10417.708927869797,9706.91344666481,708.8419029712677,0.7660036087036133,0.0
22615,,,,0.3422656059265136,3.115954637527466,0.3047399818897247,3.333834886550904,50000.0,0.2341000139713287,3.867875099182129,10000.0,10126.965747356417,10871.664859771729,10126.965747356417,742.6607849597931,0.800706148147583,0.0
23553,,,,0.3219726383686065,3.251327514648437,0.3007999956607818,3.3690576553344727,50000.0,0.2302000075578689,3.897294759750366,10000.0,10547.269215345385,11327.01093006134,10547.269215345385,777.6187508106232,0.8348846435546875,0.0
24488,,,,0.3349023461341858,3.139622449874878,0.3102400004863739,3.271682977676392,50000.0,0.239200010895729,3.821830749511719,10000.0,10967.45688033104,11781.824530363085,10967.45688033104,812.166101694107,0.8646972179412842,0.0
25426,,,,0.3316406309604645,3.223832130432129,0.3018800020217895,3.3809268474578857,50000.0,0.2216000109910965,3.920284986495972,10000.0,11387.44964838028,12236.81693315506,11387.44964838028,847.0836207866669,0.8977007865905762,0.0
26362,,,,0.3331640660762787,3.1826796531677246,0.3092399835586548,3.3112449645996094,50000.0,0.2335000038146972,3.8523125648498535,10000.0,11807.8558242321,12690.266149759293,11807.8558242321,880.0467529296875,0.9285385608673096,0.0
27300,,,,0.3349218666553497,3.143937826156616,0.3141199946403503,3.2608139514923096,50000.0,0.2378000169992447,3.824277877807617,10000.0,12228.11824798584,13145.268079042437,12228.11824798584,914.7074239253998,0.9579334259033204,0.0
28236,,,,0.3328710794448852,3.1568191051483154,0.3139799833297729,3.272588014602661,50000.0,0.2331000119447708,3.827597141265869,10000.0,12648.329463720322,13600.250484228134,12648.329463720322,949.3995041847228,0.9874393939971924,0.0
29173,,,,0.3601953089237213,3.0531485080718994,0.3138200044631958,3.300644874572754,50000.0,0.2381000071763992,3.853090524673462,10000.0,13068.601208686829,14056.01896095276,13068.601208686829,984.8099553585052,1.0233705043792725,0.0
30112,,,,0.345019519329071,3.105611801147461,0.3212800025939941,3.241381883621216,50000.0,0.2422000169754028,3.797183752059937,10000.0,13488.918287277222,14511.79142856598,13488.918287277222,1020.1783063411712,1.060002326965332,0.0
31049,,,,0.343554675579071,3.1092681884765625,0.3168599903583526,3.24897575378418,50000.0,0.2485000044107437,3.7858810424804688,10000.0,13909.106512069702,14966.41068959236,13909.106512069702,1054.5286719799042,1.0906541347503662,0.0
31986,,,,0.3508593738079071,3.0794057846069336,0.3166199922561645,3.259942054748535,50000.0,0.2368000149726867,3.822588443756104,10000.0,14329.162604808807,15421.23395562172,14329.162604808807,1089.2091324329376,1.1274473667144775,0.0
32921,,,,0.3508593738079071,3.056554079055786,0.3265799880027771,3.172128677368164,50000.0,0.2532000243663788,3.700223922729492,10000.0,14749.162225484848,15876.947930336,14749.162225484848,1124.834629535675,1.165813446044922,0.0
33858,,,,0.3430859446525574,3.097731590270996,0.317359983921051,3.233671188354492,50000.0,0.2495000064373016,3.76178765296936,10000.0,15169.202929973602,16332.772891283035,15169.202929973602,1160.5371885299685,1.197293758392334,0.0
34794,,,,0.3527734279632568,3.056144952774048,0.3253799974918365,3.211977005004883,50000.0,0.2470000088214874,3.7661190032958975,10000.0,15589.515185117722,16786.980416059494,15589.515185117722,1194.3510897159576,1.227815866470337,0.0
35728,,,,0.3766992092132568,2.9533843994140625,0.3322799801826477,3.181633710861206,50000.0,0.2562000155448913,3.734873533248901,10000.0,16009.713965892792,17241.454468011856,16009.713965892792,1228.547636270523,1.2574808597564695,0.0
36663,,,,0.3514257669448852,3.054265022277832,0.3269599974155426,3.1915853023529053,50000.0,0.2519000172615051,3.748515129089356,10000.0,16429.727508544922,17696.804443359375,16429.727508544922,1263.8010864257812,1.2911605834960938,0.0
37602,,,,0.3567773401737213,3.0510573387146,0.3284399807453155,3.193510293960572,50000.0,0.2529000043869018,3.735337257385254,10000.0,16849.789966344833,18150.159742116928,16849.789966344833,1297.0125093460083,1.3229045867919922,0.0
38543,,,,0.3741015493869781,2.9333865642547607,0.3329399824142456,3.160637140274048,50000.0,0.2546000182628631,3.712564706802368,10000.0,17270.215864658356,18603.58862566948,17270.215864658356,1329.9355173110962,1.3531842231750488,0.0
39477,,,,0.3560937345027923,3.0487027168273926,0.3334800004959106,3.1638426780700684,50000.0,0.2528000175952911,3.707967758178711,10000.0,17690.371658802032,19058.34874534607,17690.371658802032,1364.4582123756409,1.3852083683013916,0.0
40418,,,,0.3664843738079071,2.974052667617798,0.3395199775695801,3.1162779331207275,50000.0,0.260200023651123,3.671309471130371,10000.0,18110.66115379333,19514.02197933197,18110.66115379333,1399.7578027248385,1.4192986488342283,0.0
41356,,,,0.3605664074420929,3.0091805458068848,0.3303799927234649,3.171121597290039,50000.0,0.250900000333786,3.742313861846924,10000.0,18530.958752155304,19969.22854757309,18530.958752155304,1434.58602309227,1.4507205486297607,0.0
42295,,,,0.3656054735183716,2.989208936691284,0.3320599794387817,3.160765647888184,50000.0,0.2542000114917755,3.703290462493897,10000.0,18951.069221019745,20424.61728477478,18951.069221019745,1469.7833819389343,1.481478929519653,0.0
43233,,,,0.3646875023841858,2.976993560791016,0.3384200036525726,3.1061792373657227,50000.0,0.261100023984909,3.655142307281494,10000.0,19371.15648674965,20880.855295181274,19371.15648674965,1505.8522760868073,1.5129384994506836,0.0
44173,,,,0.3681054711341858,2.9528019428253174,0.3434399962425232,3.092506170272827,50000.0,0.2653000056743622,3.638645887374878,10000.0,19791.10566091537,21335.8719303608,19791.10566091537,1540.839139699936,1.5436131954193115,0.0
45110,,,,0.3803906142711639,2.9635233879089355,0.3335199952125549,3.195197820663452,50000.0,0.2562000155448913,3.7241170406341553,10000.0,20211.467108488083,21792.45054769516,20211.467108488083,1576.97394657135,1.5775179862976074,0.0
46045,,,,0.3611913919448852,3.011115312576294,0.3423799872398376,3.127627372741699,50000.0,0.2612000107765198,3.685331344604492,10000.0,20631.4619743824,22248.154316425323,20631.4619743824,1612.601015329361,1.6105546951293943,0.0
46981,,,,0.3729101419448852,2.9603052139282227,0.344319999217987,3.0910770893096924,50000.0,0.2694000005722046,3.6470789909362793,10000.0,21051.60116124153,22704.20981001854,21051.60116124153,1648.437092781067,1.641612529754639,0.0
47919,,,,0.3780859410762787,2.917038917541504,0.3445000052452087,3.092627763748169,50000.0,0.2606000006198883,3.642645120620728,10000.0,21471.55070519448,23159.58528757096,21471.55070519448,1683.7832248210907,1.671492576599121,0.0
48858,,,,0.375,2.928645372390747,0.3471999764442444,3.067269325256348,50000.0,0.2675999999046325,3.641795873641968,10000.0,21891.821652174,23615.817317724228,21891.821652174,1719.6551156044006,1.7109296321868896,0.0
49785,,,,0.3816992044448852,2.885748863220215,0.3544799983501434,3.0290534496307373,50000.0,0.2718999981880188,3.603203296661377,10000.0,22311.77813768387,24071.858068466187,22311.77813768387,1755.384437084198,2.0180466175079346,0.0
50723,,,,0.3822851479053497,2.849569320678711,0.3570799827575683,2.98787808418274,50000.0,0.2735000252723694,3.56376576423645,10000.0,22732.12171435356,24527.380645036697,22732.12171435356,1790.4757204055786,2.056949615478516,0.0
51658,,,,0.4024804532527923,2.815871477127075,0.3567399978637695,3.05426025390625,50000.0,0.2735000252723694,3.605937242507935,10000.0,23152.284914255142,24982.512706041336,23152.284914255142,1825.3626506328585,2.089946746826172,0.0
52593,,,,0.3832812309265136,2.853090047836304,0.3538199961185455,3.0048599243164062,50000.0,0.2741000056266784,3.5599844455718994,10000.0,23572.599608898163,25438.36533021927,23572.599608898163,1860.8192052841189,2.122746706008911,0.0
53529,,,,0.3909765481948852,2.8215248584747314,0.3591800034046173,2.9789068698883057,50000.0,0.2761000096797943,3.564211845397949,10000.0,23992.71834492684,25894.41347527504,23992.71834492684,1896.665294885636,2.157249689102173,0.0
54463,,,,0.3969335854053497,2.7945032119750977,0.3628000020980835,2.980877637863159,50000.0,0.2859000265598297,3.5369763374328613,10000.0,24412.68873858452,26346.96035528183,24412.68873858452,1929.1604554653168,2.190234899520874,0.0
55397,,,,0.3855077922344208,2.884905338287353,0.3609399795532226,3.006951093673706,50000.0,0.2823000252246856,3.553786516189575,10000.0,24832.781781435013,26799.76084637642,24832.781781435013,1961.78145480156,2.228166341781616,0.0
56334,,,,0.3941796720027923,2.802529573440552,0.3675799965858459,2.939264297485352,50000.0,0.2845000028610229,3.50781512260437,10000.0,25253.099997520447,27254.06196975708,25253.099997520447,1995.679684638977,2.2637875080108643,0.0
57271,,,,0.405078113079071,2.768996238708496,0.3754200041294098,2.928830146789551,50000.0,0.2920000255107879,3.492762565612793,10000.0,25673.39478588104,27708.76501107216,25673.39478588104,2030.006231307984,2.297004461288452,0.0
58205,,,,0.4169335961341858,2.746934175491333,0.3653799891471863,2.97817611694336,50000.0,0.2788000106811523,3.540363550186157,10000.0,26093.737588644028,28163.651494026184,26093.737588644028,2064.463377714157,2.33527946472168,0.0
59140,,,,0.4025976359844208,2.8111345767974854,0.3763999938964844,2.947056531906128,50000.0,0.2912000119686126,3.509696245193481,10000.0,26513.8850941658,28619.16102957725,26513.8850941658,2099.7457451820374,2.366395950317383,0.0
60074,,,,0.4126562476158142,2.725644588470459,0.382999986410141,2.8772389888763428,50000.0,0.291700005531311,3.444231510162353,10000.0,26933.84964609146,29072.23762536049,26933.84964609146,2132.7748358249664,2.401242971420288,0.0
61009,,,,0.4165624976158142,2.7120697498321533,0.3725799918174743,2.928329944610596,50000.0,0.2913000285625458,3.4781079292297363,10000.0,27354.1157143116,29527.791081428528,27354.1157143116,2167.976589679718,2.438218593597412,0.0
61945,,,,0.4141796827316284,2.7264320850372314,0.3810199797153473,2.88271713256836,50000.0,0.2977000176906585,3.448763847351074,10000.0,27774.22779154777,29981.43801856041,27774.22779154777,2201.4315004348755,2.470210313796997,0.0
62879,,,,0.4175390601158142,2.667330980300904,0.3920199871063232,2.816648483276367,50000.0,0.3007000088691711,3.390098571777344,10000.0,28194.478578567505,30434.86529636383,28194.478578567505,2234.5195536613464,2.5091311931610107,0.0
63814,,,,0.4176562428474426,2.701188087463379,0.3894599974155426,2.8708317279815674,50000.0,0.2932000160217285,3.458634614944458,10000.0,28614.626450538635,30888.663193702698,28614.626450538635,2268.083080768585,2.545963764190674,0.0
64750,,,,0.4127734303474426,2.75779676437378,0.3810399770736694,2.9179818630218506,50000.0,0.2897000014781952,3.488537549972534,10000.0,29034.593165397644,31342.02927708625,29034.593165397644,2301.397508382797,2.5819647312164307,0.0
65686,,,,0.4274023473262787,2.646188974380493,0.3974199891090393,2.787189245223999,50000.0,0.3029000163078308,3.3781540393829346,10000.0,29454.73590993881,31796.910470724102,29454.73590993881,2336.052463054657,2.6167070865631104,0.0
66625,,,,0.4284765422344208,2.618558883666992,0.397599995136261,2.788459062576294,50000.0,0.3056000173091888,3.36042594909668,10000.0,29874.886591672897,32250.070415258408,29874.886591672897,2368.9742341041565,2.655485153198242,0.0
67563,,,,0.4516796767711639,2.510741233825684,0.4032599925994873,2.7412984371185303,50000.0,0.3105000257492065,3.351386070251465,10000.0,30294.9409673214,32705.62711262703,30294.9409673214,2404.3914556503296,2.691518068313598,0.0
68500,,,,0.4320507645606994,2.5965490341186523,0.4042799770832062,2.744558572769165,50000.0,0.3093000054359436,3.330360412597656,10000.0,30715.225409269333,33156.64083337784,30715.225409269333,2435.03591632843,2.728013038635254,0.0
69435,,,,0.442187488079071,2.566778898239136,0.4080599844455719,2.738209247589112,50000.0,0.3153000175952911,3.317209482192993,10000.0,31135.51412177086,33608.47450733185,31135.51412177086,2466.4918208122253,2.767883539199829,0.0
70371,,,,0.4434765577316284,2.53583025932312,0.4073399901390075,2.716799020767212,50000.0,0.3109000027179718,3.311037540435791,10000.0,31555.720521450043,34063.48691010475,31555.720521450043,2501.210415124893,2.8059422969818115,0.0
71309,,,,0.4462890625,2.530458688735962,0.4122999906539917,2.696918487548828,50000.0,0.3168000280857086,3.2822391986846924,10000.0,31975.90571212769,34518.29961967468,31975.90571212769,2535.7561042308807,2.838148593902588,0.0
72246,,,,0.445605456829071,2.5460095405578613,0.4109599888324737,2.7133259773254395,50000.0,0.3175000250339508,3.292562246322632,10000.0,32395.85187244416,34973.52641630173,32395.85187244416,2570.9477982521057,2.878352403640747,0.0
73185,,,,0.4509179592132568,2.4933416843414307,0.4183799922466278,2.6617000102996826,50000.0,0.3220000267028808,3.247524738311768,10000.0,32816.131848573685,35426.99093770981,32816.131848573685,2604.0491099357605,2.912558555603028,0.0
74123,,,,0.4753515422344208,2.3886942863464355,0.4223999977111816,2.634479522705078,50000.0,0.3275000154972076,3.233813762664795,10000.0,33236.11036992073,35882.229679346085,33236.11036992073,2639.2270200252533,2.9450039863586426,0.0
75055,,,,0.4529101550579071,2.5010364055633545,0.4252799749374389,2.648101091384888,50000.0,0.3250000178813934,3.249234199523926,10000.0,33656.443053245544,36334.76767039299,33656.443053245544,2671.3469750881195,2.9805617332458496,0.0
75992,,,,0.4591796696186065,2.4677834510803223,0.4268999993801117,2.6418709754943848,50000.0,0.3204000294208526,3.253506660461426,10000.0,34076.71183347702,36791.00351142883,34076.71183347702,2707.215250968933,3.030700206756592,0.0
76927,,,,0.4534570276737213,2.529275417327881,0.4139799773693084,2.724785804748535,50000.0,0.3194000124931335,3.3090388774871826,10000.0,34496.82916235924,37243.48451781273,34496.82916235924,2739.4968841075897,3.063882350921631,0.0
77861,,,,0.4552148282527923,2.5277018547058105,0.4248199760913849,2.681438446044922,50000.0,0.3306000232696533,3.2536330223083496,10000.0,34917.14886903763,37699.0601284504,34917.14886903763,2774.666587114334,3.1015994548797607,0.0
78799,,,,0.4613085687160492,2.4484126567840576,0.4318400025367737,2.603210926055908,50000.0,0.33160001039505,3.2012672424316406,10000.0,35337.07917690277,38153.88427329064,35337.07917690277,2809.476685523987,3.135487794876098,0.0
79734,,,,0.4691406190395355,2.4068944454193115,0.4339599907398224,2.587728500366211,50000.0,0.3353000283241272,3.197169780731201,10000.0,35757.286987781525,38607.506576776505,35757.286987781525,2842.8077285289764,3.170445680618286,0.0
80668,,,,0.4913281202316284,2.307068109512329,0.4426999986171722,2.538350820541382,50000.0,0.3419000208377838,3.141676664352417,10000.0,36177.30633616448,39061.23774647713,36177.30633616448,2876.430151700973,3.2112858295440674,0.0
81601,,,,0.4848046898841858,2.3066534996032715,0.4503600001335144,2.4789798259735107,50000.0,0.3495000302791595,3.092740297317505,10000.0,36597.47427201271,39516.4461979866,36597.47427201271,2911.3818638324738,3.2515580654144287,0.0
82538,,,,0.4827929437160492,2.355334520339966,0.4447999894618988,2.544625997543335,50000.0,0.3469000160694122,3.1405177116394043,10000.0,37017.86665606499,39971.059770822525,37017.86665606499,2945.5116612911224,3.2945518493652344,0.0
83474,,,,0.4996484220027923,2.264677286148072,0.4521400034427643,2.489734411239624,50000.0,0.3451000154018402,3.112855672836304,10000.0,37437.889969587326,40427.04348993301,37437.889969587326,2981.38738155365,3.330638647079468,0.0
84410,,,,0.4926953017711639,2.301706314086914,0.4551999866962433,2.478925466537476,50000.0,0.3531000316143036,3.076972484588623,10000.0,37858.17500400543,40881.754350185394,37858.17500400543,3015.7272193431854,3.367906332015991,0.0
85344,,,,0.4912499785423279,2.289994716644287,0.4539600014686584,2.470716714859009,50000.0,0.3517000079154968,3.0826575756073,10000.0,38278.14642953873,41337.820504665375,38278.14642953873,3051.736780166626,3.4047226905822754,0.0
86280,,,,0.4957421720027923,2.2778584957122803,0.460779994726181,2.475705623626709,50000.0,0.350600004196167,3.0822877883911133,10000.0,38698.29544091225,41791.30115222931,38698.29544091225,3084.9850800037384,3.439117908477783,0.0
87216,,,,0.4958789050579071,2.29178786277771,0.46069997549057,2.4646365642547607,50000.0,0.3562000095844269,3.078720808029175,10000.0,39118.310584783554,42245.93477463722,39118.310584783554,3119.5204269886017,3.472959280014038,0.0
88153,,,,0.5009570121765137,2.2393267154693604,0.4688400030136108,2.407264709472656,50000.0,0.3686000108718872,3.019144296646118,10000.0,39538.45999288559,42700.80556464195,39538.45999288559,3154.1535215377808,3.5123980045318604,0.0
89090,,,,0.5102148056030273,2.207235097885132,0.4671799838542938,2.402904510498047,50000.0,0.3623000085353851,3.0293025970458984,10000.0,39958.50346302986,43154.72155928612,39958.50346302986,3187.939136981964,3.549631834030152,0.0
90025,,,,0.5225195288658142,2.1404504776000977,0.4700599908828735,2.3935441970825195,50000.0,0.3615000247955322,2.997475862503052,10000.0,40378.497747182846,43608.665422439575,40378.497747182846,3221.7997467517853,3.5900981426239014,0.0
90962,,,,0.5100976228713989,2.2274816036224365,0.4723399877548218,2.411215305328369,50000.0,0.3648000061511993,3.0346434116363525,10000.0,40798.62721180916,44063.85207080841,40798.62721180916,3256.7726171016693,3.625277757644653,0.0
91898,,,,0.5167382955551147,2.155581474304199,0.4763399958610534,2.3438656330108643,50000.0,0.3691000044345855,2.971917152404785,10000.0,41218.970061302185,44518.80531263352,41218.970061302185,3291.299605369568,3.659624814987183,0.0
92835,,,,0.5263866782188416,2.112157821655273,0.4820999801158905,2.3260385990142822,50000.0,0.3759000301361084,2.947408676147461,10000.0,41639.26238894463,44975.48266100884,41639.26238894463,3327.598831892013,3.6963255405426025,0.0
93771,,,,0.5102929472923279,2.200268268585205,0.4759999811649322,2.3759615421295166,50000.0,0.3630000054836273,3.009243965148926,10000.0,42059.38133406639,45431.37406229973,42059.38133406639,3363.2883553504944,3.729132652282715,0.0
94704,,,,0.5234960913658142,2.137292623519897,0.4855599999427795,2.3185513019561768,50000.0,0.3786000311374664,2.949211359024048,10000.0,42479.56381082535,45883.107602119446,42479.56381082535,3394.755161523819,3.764643669128418,0.0
95635,,,,0.530078113079071,2.1167924404144287,0.487879991531372,2.307948112487793,50000.0,0.3851000070571899,2.9149441719055176,10000.0,42899.54432177544,46337.18145155907,42899.54432177544,3428.76101064682,3.8030104637146,0.0
96570,,,,0.549121081829071,2.022591590881348,0.493259996175766,2.2883315086364746,50000.0,0.3835000097751617,2.918272018432617,10000.0,43319.55511045456,46792.93064284325,43319.55511045456,3464.4128742218018,3.840639352798462,0.0
97506,,,,0.5283398032188416,2.116569995880127,0.4934599995613098,2.2794082164764404,50000.0,0.3860000073909759,2.888496398925781,10000.0,43739.80901956558,47248.679079294205,43739.80901956558,3499.8183529376984,3.881028175354004,0.0
98443,,,,0.5440624952316284,2.046549797058105,0.5035600066184998,2.244361400604248,50000.0,0.3924000263214111,2.867760181427002,10000.0,44159.88678264618,47701.29460024834,44159.88678264618,3532.269074678421,3.919281721115112,0.0
99376,,,,0.5465234518051147,1.9962197542190552,0.503279983997345,2.2146143913269043,50000.0,0.3954000174999237,2.8482139110565186,10000.0,44580.1083137989,48157.15345191956,44580.1083137989,3567.80894613266,3.960891962051392,0.0
100311,,,,0.5377148389816284,2.064903736114502,0.4990799725055694,2.246666669845581,50000.0,0.3875000178813934,2.8805296421051025,10000.0,45000.2905151844,48613.40645027161,45000.2905151844,3603.793481826782,3.998417377471924,0.0
101246,,,,0.5491406321525574,1.9730887413024905,0.5111199617385864,2.153862953186035,50000.0,0.4037000238895416,2.788348913192749,10000.0,45420.375507354736,49069.24631023407,45420.375507354736,3639.463700771332,4.033269643783569,0.0
102182,,,,0.55322265625,1.9975374937057493,0.5071399807929993,2.215282201766968,50000.0,0.394400030374527,2.8553056716918945,10000.0,45840.47203040123,49524.51969790459,45840.47203040123,3674.558445215225,4.06676459312439,0.0
103117,,,,0.5616601705551147,1.9538813829422,0.5111799836158752,2.18546986579895,50000.0,0.4020000100135803,2.7957332134246826,10000.0,46260.75113701821,49981.06803655624,46260.75113701821,3710.7458169460297,4.099963665008545,0.0
104052,,,,0.5629101395606995,1.933092713356018,0.5224599838256836,2.12022352218628,50000.0,0.4029000103473663,2.7707672119140625,10000.0,46681.01684999466,50437.68147659302,46681.01684999466,3747.009772777557,4.1353302001953125,0.0
104984,,,,0.5678905844688416,1.910582065582276,0.5194000005722046,2.130305051803589,50000.0,0.4088000059127807,2.763844013214112,10000.0,47100.95022344589,50892.37903094292,47100.95022344589,3781.687155246735,4.173513174057007,0.0
105918,,,,0.5771093368530273,1.8983423709869385,0.5192999839782715,2.1518301963806152,50000.0,0.4070000052452087,2.7622275352478027,10000.0,47520.866579055786,51347.856335401535,47520.866579055786,3817.157101154328,4.215587854385376,0.0
106853,,,,0.573046863079071,1.9007210731506348,0.5331199765205383,2.095759153366089,50000.0,0.4162000119686126,2.734977960586548,10000.0,47941.16083717346,51804.00412583351,47941.16083717346,3852.925147294998,4.252532243728638,0.0
107789,,,,0.5724023580551147,1.8922796249389648,0.5264599919319153,2.1068549156188965,50000.0,0.4135000109672546,2.7412469387054443,10000.0,48361.30246281624,52259.77541089058,48361.30246281624,3888.4701726436615,4.288697481155396,0.0
108725,,,,0.5804296731948853,1.8611148595809937,0.5287600159645081,2.0971245765686035,50000.0,0.4153000116348266,2.736820936203003,10000.0,48781.55324220657,52711.848172426224,48781.55324220657,3920.206169128418,4.326133489608765,0.0
109657,,,,0.5826757550239563,1.8218328952789309,0.5396400094032288,2.025909423828125,50000.0,0.4226000308990478,2.672152042388916,10000.0,49201.73626160622,53166.56338405609,49201.73626160622,3954.633566856384,4.378616094589233,0.0
110593,,,,0.5879882574081421,1.810532093048096,0.544160008430481,2.0157663822174072,50000.0,0.4291000068187713,2.648903608322144,10000.0,49621.74998044968,53622.75130152702,49621.74998044968,3990.717089653015,4.42025089263916,0.0
111528,,,,0.5985351204872131,1.7573233842849731,0.5503399968147278,1.9800519943237305,50000.0,0.4324000179767608,2.612398147583008,10000.0,50041.97194266319,54077.60783410072,50041.97194266319,4025.2680938243866,4.455611705780029,0.0
112460,,,,0.6030663847923279,1.7373290061950684,0.5471000075340271,1.9914394617080688,50000.0,0.4292000234127044,2.6368203163146973,10000.0,50462.31496357918,54533.69416308403,50462.31496357918,4060.9280486106873,4.491334915161133,0.0
113394,,,,0.5930273532867432,1.7962243556976318,0.5465599894523621,2.001027107238769,50000.0,0.435200035572052,2.6399190425872803,10000.0,50882.6246612072,54986.145476818085,50882.6246612072,4092.982533454895,4.530780792236328,0.0
114325,,,,0.5997851490974426,1.74513041973114,0.5491399765014648,1.9806303977966309,50000.0,0.4279000163078308,2.64642071723938,10000.0,51302.648513793945,55440.54915213585,51302.648513793945,4127.277940511704,4.566856622695923,0.0
115261,,,,0.6053906083106995,1.7328144311904907,0.5517399907112122,1.977198362350464,50000.0,0.4387000203132629,2.6122872829437256,10000.0,51722.71035242081,55895.30391287804,51722.71035242081,4161.887007951736,4.602811813354492,0.0
116201,,,,0.5997265577316284,1.81851065158844,0.556439995765686,2.02671480178833,50000.0,0.4406000077724457,2.657590866088867,10000.0,52142.84062790871,56351.04347348213,52142.84062790871,4197.408615589142,4.641752243041992,0.0
117126,,,,0.6060937643051147,1.7274125814437866,0.5616199970245361,1.9295001029968264,50000.0,0.4481000304222107,2.5614328384399414,10000.0,52563.05341649056,56807.12127113342,52563.05341649056,4233.192410469055,4.675106287002564,0.0
118059,,,,0.6170507669448853,1.6571485996246338,0.5667799711227417,1.897281050682068,50000.0,0.4490000307559967,2.531968116760254,10000.0,52983.12574791908,57263.14001011848,52983.12574791908,4269.050596475601,4.715716361999512,0.0
118991,,,,0.6253905892372131,1.636507272720337,0.5715000033378601,1.8722882270812988,50000.0,0.4509000182151794,2.5070276260375977,10000.0,53403.23006415367,57719.00131821632,53403.23006415367,4304.718907356262,4.755734205245972,0.0
119925,,,,0.6182812452316284,1.6353163719177246,0.5745399594306946,1.8540443181991573,50000.0,0.4538000226020813,2.5015523433685303,10000.0,53823.23159694672,58171.78255057335,53823.23159694672,4337.413265705109,4.792636632919312,0.0
120858,,,,0.6259960532188416,1.621906280517578,0.5777999758720398,1.842371106147766,50000.0,0.4622000157833099,2.485006093978882,10000.0,54243.33627200127,58627.44638156891,54243.33627200127,4372.870854139328,4.847021818161011,0.0
121792,,,,0.6390038728713989,1.6000639200210571,0.5801999568939209,1.851893424987793,50000.0,0.4679000079631805,2.488807916641236,10000.0,54663.3563580513,59082.657752513885,54663.3563580513,4407.970404148102,4.891043663024902,0.0
122728,,,,0.6339257955551147,1.5961424112319946,0.5858799815177917,1.816994309425354,50000.0,0.4683000147342682,2.449974775314331,10000.0,55083.59119153023,59538.35736894608,55083.59119153023,4443.350902795792,4.927399635314941,0.0
123665,,,,0.6372460722923279,1.5796129703521729,0.5868799686431885,1.8123412132263184,50000.0,0.4653000235557556,2.453535795211792,10000.0,55503.52221298218,59994.47079658508,55503.52221298218,4479.447636127472,4.96448016166687,0.0
124597,,,,0.6479687094688416,1.506769776344299,0.5956000089645386,1.7456477880477903,50000.0,0.4733000099658966,2.3965485095977783,10000.0,55923.799672842026,60449.44255661965,55923.799672842026,4514.058308362961,4.9996092319488525,0.0
125530,,,,0.6444921493530273,1.5116926431655884,0.5967599749565125,1.7401264905929563,50000.0,0.4760000109672546,2.3951427936553955,10000.0,56344.08600711823,60902.05436062813,56344.08600711823,4546.292191982269,5.042105674743652,0.0
126462,,,,0.6509179472923279,1.4994399547576904,0.6000999808311462,1.733533501625061,50000.0,0.4798000156879425,2.365819931030273,10000.0,56764.11144351959,61358.01352262497,56764.11144351959,4582.134228944778,5.085714101791382,0.0
127397,,,,0.6566210985183716,1.4758905172348022,0.6047799587249756,1.7177613973617554,50000.0,0.4855000376701355,2.3617632389068604,10000.0,57184.25651049614,61813.56691431999,57184.25651049614,4617.454140663147,5.125828981399536,0.0
128334,,,,0.6653515696525574,1.4417978525161743,0.6067999601364136,1.7044371366500854,50000.0,0.4884000122547149,2.345334768295288,10000.0,57604.301446676254,62269.26136279106,57604.301446676254,4653.019432783127,5.161944389343262,0.0
129271,,,,0.665820300579071,1.4357874393463137,0.6093599796295166,1.6818832159042358,50000.0,0.4878000319004059,2.318933486938477,10000.0,58024.53788971901,62726.727922439575,58024.53788971901,4690.161513328552,5.201554298400879,0.0
130206,,,,0.6646093726158142,1.4471993446350098,0.6112799644470215,1.6943293809890747,50000.0,0.4904000163078308,2.330705165863037,10000.0,58444.633927583694,63181.66756153107,58444.633927583694,4724.913486242294,5.244813442230225,0.0
131141,,,,0.670703113079071,1.4300687313079834,0.6144799590110779,1.6862435340881348,50000.0,0.4944000244140625,2.3257932662963867,10000.0,58864.56310153008,63638.034090042114,58864.56310153008,4761.260255813599,5.2878594398498535,0.0
132076,,,,0.6708007454872131,1.4012246131896973,0.6170200109481812,1.6500705480575562,50000.0,0.4969000220298767,2.2891969680786133,10000.0,59284.48001599312,64093.02914404869,59284.48001599312,4796.245510101318,5.332253694534302,0.0
133013,,,,0.6741015315055847,1.3815743923187256,0.6220399737358093,1.612788438796997,50000.0,0.5017000436782837,2.252399444580078,10000.0,59704.61239242554,64548.162118434906,59704.61239242554,4831.164229631424,5.365886449813843,0.0
133948,,,,0.681347668170929,1.3635445833206177,0.6233599781990051,1.6213140487670898,50000.0,0.5045000314712524,2.2607617378234863,10000.0,60124.75883769989,65005.33078980446,60124.75883769989,4868.102555513382,5.402221918106079,0.0
134883,,,,0.6824609041213989,1.3444645404815674,0.626479983329773,1.5939000844955444,50000.0,0.5051000118255615,2.2323570251464844,10000.0,60545.1358795166,65458.052584409714,60545.1358795166,4900.362437725067,5.4384238719940186,0.0
135816,,,,0.687792956829071,1.3265326023101809,0.6277999877929688,1.592071533203125,50000.0,0.5058000087738037,2.2306430339813232,10000.0,60965.4465315342,65911.60484552383,60965.4465315342,4933.510070323944,5.483330488204956,0.0
136753,,,,0.68115234375,1.3414313793182373,0.6306599974632263,1.5818860530853271,50000.0,0.5087000131607056,2.215284824371338,10000.0,61385.65174794197,66366.40743947029,61385.65174794197,4968.009222984314,5.532286643981934,0.0
137691,,,,0.69091796875,1.3155713081359863,0.6312199831008911,1.576445460319519,50000.0,0.5113000273704529,2.210801362991333,10000.0,61805.98240542412,66823.2453057766,61805.98240542412,5004.429058074951,5.5704426765441895,0.0
138629,,,,0.6906640529632568,1.3198330402374268,0.6326599717140198,1.5740342140197754,50000.0,0.5105000138282776,2.207030773162842,10000.0,62226.291472435,67280.9469192028,62226.291472435,5041.727354288101,5.6157848834991455,0.0
139565,,,,0.6880077719688416,1.3149981498718262,0.6334800124168396,1.5699124336242676,50000.0,0.5115000009536743,2.20454478263855,10000.0,62646.59528422356,67739.28282761574,62646.59528422356,5079.674148321152,5.652741432189941,0.0
140501,,,,0.6879491806030273,1.3223206996917725,0.6335999965667725,1.5693451166152954,50000.0,0.5109000205993652,2.2038650512695312,10000.0,63066.78844475746,68190.4960258007,63066.78844475746,5110.60458278656,5.693463087081909,0.0
141435,,,,0.68798828125,1.3191850185394287,0.6335999965667725,1.5693451166152954,50000.0,0.5109000205993652,2.2038650512695312,10000.0,63486.7846558094,68646.43707346916,63486.7846558094,5146.459156513214,5.735681056976318,0.0
142372,,,,0.6886913776397705,1.3142918348312378,0.6335999965667725,1.5693451166152954,50000.0,0.5109000205993652,2.2038650512695312,10000.0,63907.01371717453,69102.0797739029,63907.01371717453,5181.782442092896,5.775196313858032,0.0
143307,,,,0.6864257454872131,1.3257558345794678,0.6335999965667725,1.5693451166152954,50000.0,0.5109000205993652,2.2038650512695312,10000.0,64327.24224901199,69558.28247499466,64327.24224901199,5217.672131538391,5.811223268508911,0.0
144242,,,,0.6863867044448853,1.32240092754364,0.6335999965667725,1.5693451166152954,50000.0,0.5109000205993652,2.2038650512695312,10000.0,64747.48340010643,70014.49877047539,64747.48340010643,5253.563077449799,5.847208261489868,0.0
145179,,,,0.6889843344688416,1.3312036991119385,0.6335999965667725,1.5693451166152954,50000.0,0.5109000205993652,2.2038650512695312,10000.0,65167.69338178635,70471.24842739105,65167.69338178635,5290.007523298264,5.893781900405884,0.0
146116,,,,0.687304675579071,1.321401834487915,0.6335999965667725,1.5693451166152954,50000.0,0.5109000205993652,2.2038650512695312,10000.0,65587.63382315636,70929.615660429,65587.63382315636,5328.34934091568,5.930161952972412,0.0
147051,,,,0.6923828125,1.316423773765564,0.6335999965667725,1.5693451166152954,50000.0,0.5109000205993652,2.2038650512695312,10000.0,66007.82960271835,71387.19408011436,66007.82960271835,5365.648398399353,5.9657392501831055,0.0
147986,,,,0.6879491806030273,1.3177040815353394,0.6335999965667725,1.5693451166152954,50000.0,0.5109000205993652,2.2038650512695312,10000.0,66427.86416172981,71845.69928956032,66427.86416172981,5404.025202989578,6.0105955600738525,0.0
148920,,,,0.6866601705551147,1.3229213953018188,0.6335999965667725,1.5693451166152954,50000.0,0.5109000205993652,2.2038650512695312,10000.0,66848.10884547234,72302.56291341782,66848.10884547234,5440.55968952179,6.046332836151123,0.0
149853,,,,0.6895507574081421,1.3247617483139038,0.6335999965667725,1.5693451166152954,50000.0,0.5109000205993652,2.2038650512695312,10000.0,67268.28337144852,72758.10345029831,67268.28337144852,5475.83952331543,6.084754228591919,0.0
150786,,,,0.6897851228713989,1.3128302097320557,0.6335999965667725,1.5693451166152954,50000.0,0.5109000205993652,2.2038650512695312,10000.0,67688.46016597748,73213.7155508995,67688.46016597748,5511.189935207367,6.121652126312256,0.0
151722,,,,0.6913866996765137,1.3146811723709106,0.6335999965667725,1.5693451166152954,50000.0,0.5109000205993652,2.2038650512695312,10000.0,68108.80395007133,73669.60172224045,68108.80395007133,5546.645724773407,6.159531354904175,0.0
152656,,,,0.6917187571525574,1.309315800666809,0.6335999965667725,1.5693451166152954,50000.0,0.5109000205993652,2.2038650512695312,10000.0,68528.96476101875,74127.18580675125,68528.96476101875,5583.984224557877,6.195795774459839,0.0
153592,,,,0.6853125095367432,1.3302810192108154,0.6335999965667725,1.5693451166152954,50000.0,0.5109000205993652,2.2038650512695312,10000.0,68949.18317198753,74585.6699655056,68949.18317198753,5622.1626234054565,6.233470439910889,0.0
154527,,,,0.6887304782867432,1.3173192739486694,0.6335999965667725,1.5693451166152954,50000.0,0.5109000205993652,2.2038650512695312,10000.0,69369.21090197563,75039.08839559555,69369.21090197563,5655.467972517014,6.269842863082886,0.0
155460,,,,0.6916601657867432,1.310602068901062,0.6335999965667725,1.5693451166152954,50000.0,0.5109000205993652,2.2038650512695312,10000.0,69789.36957454681,75495.15874099731,69789.36957454681,5691.283101081848,6.317283868789673,0.0
156396,,,,0.6883593797683716,1.320913791656494,0.6335999965667725,1.5693451166152954,50000.0,0.5109000205993652,2.2038650512695312,10000.0,70209.59957838058,75952.98762917519,70209.59957838058,5728.796253919601,6.354666709899902,0.0
157329,,,,0.6883593797683716,1.3135783672332764,0.6335999965667725,1.5693451166152954,50000.0,0.5109000205993652,2.2038650512695312,10000.0,70629.91138029099,76409.49779486656,70629.91138029099,5764.908900737762,6.3925065994262695,0.0
158264,,,,0.687792956829071,1.320959448814392,0.6335999965667725,1.5693451166152954,50000.0,0.5109000205993652,2.2038650512695312,10000.0,71049.94528603554,76864.3167040348,71049.94528603554,5799.607422113419,6.428929328918457,0.0
159203,,,,0.692089855670929,1.3146597146987915,0.6335999965667725,1.5693451166152954,50000.0,0.5109000205993652,2.2038650512695312,10000.0,71470.31125044823,77320.4591319561,71470.31125044823,5835.296138525009,6.467224836349487,0.0
160141,,,,0.688769519329071,1.3176707029342651,0.6335999965667725,1.5693451166152954,50000.0,0.5109000205993652,2.2038650512695312,10000.0,71890.62893128395,77778.52475833893,71890.62893128395,5872.957622528076,6.504876613616943,0.0
161077,,,,0.6905859112739563,1.310254454612732,0.6335999965667725,1.5693451166152954,50000.0,0.5109000205993652,2.2038650512695312,10000.0,72310.66085863113,78233.65393233299,72310.66085863113,5907.9613444805145,6.550368070602417,0.0
162015,,,,0.6891406178474426,1.3173274993896484,0.6335999965667725,1.5693451166152954,50000.0,0.5109000205993652,2.2038650512695312,10000.0,72730.76931095123,78688.39805197716,72730.76931095123,5942.505207300186,6.5937440395355225,0.0
162949,,,,0.6873632669448853,1.3149514198303225,0.6335999965667725,1.5693451166152954,50000.0,0.5109000205993652,2.2038650512695312,10000.0,73150.70751285553,79143.36657881737,73150.70751285553,5977.448923587799,6.631940364837647,0.0
163886,,,,0.688671886920929,1.320528268814087,0.6335999965667725,1.5693451166152954,50000.0,0.5109000205993652,2.2038650512695312,10000.0,73570.76799154282,79604.07071352005,73570.76799154282,6018.0077493190765,6.6683669090271,0.0
164824,,,,0.6868749856948853,1.3253189325332642,0.6335999965667725,1.5693451166152954,50000.0,0.5109000205993652,2.2038650512695312,10000.0,73990.92567968369,80065.2926492691,73990.92567968369,6058.984205007553,6.707875728607178,0.0
165762,,,,0.6892773509025574,1.3151090145111084,0.6335999965667725,1.5693451166152954,50000.0,0.5109000205993652,2.2038650512695312,10000.0,74411.36324954033,80518.53475260735,74411.36324954033,6091.700470209122,6.747725248336792,0.0
166695,,,,0.6845312118530273,1.3263344764709473,0.6335999965667725,1.5693451166152954,50000.0,0.5109000205993652,2.2038650512695312,10000.0,74831.38744521141,80973.02337813377,74831.38744521141,6126.069442749023,6.7950358390808105,0.0
167631,,,,0.6894335746765137,1.3164901733398438,0.6335999965667725,1.5693451166152954,50000.0,0.5109000205993652,2.2038650512695312,10000.0,75251.60888075829,81428.15174722672,75251.60888075829,6160.885022163391,6.837748765945435,0.0
168568,,,,0.6877343654632568,1.3227146863937378,0.6335999965667725,1.5693451166152954,50000.0,0.5109000205993652,2.2038650512695312,10000.0,75671.80826663971,81883.80505466461,75671.80826663971,6196.249230623245,6.879244089126587,0.0
169506,,,,0.6896093487739563,1.322123885154724,0.6335999965667725,1.5693451166152954,50000.0,0.5109000205993652,2.2038650512695312,10000.0,76092.07996058464,82339.04434156418,76092.07996058464,6231.131894111633,6.9155802726745605,0.0
170447,,,,0.691113293170929,1.316755294799805,0.6335999965667725,1.5693451166152954,50000.0,0.5109000205993652,2.2038650512695312,10000.0,76512.38753390312,82794.36017775536,76512.38753390312,6266.054795265198,6.952389717102051,0.0
171386,,,,0.6851171851158142,1.331071138381958,0.6335999965667725,1.5693451166152954,50000.0,0.5109000205993652,2.2038650512695312,10000.0,76932.61785316467,83250.32761096954,76932.61785316467,6301.699328422546,6.995886564254761,0.0
172324,,,,0.6896679401397705,1.3153868913650513,0.6335999965667725,1.5693451166152954,50000.0,0.5109000205993652,2.2038650512695312,10000.0,77352.92297244072,83707.08317255974,77352.92297244072,6338.05951833725,7.037584066390991,0.0
172704,,,,,,,,,,,,77520.24503660202,,,,,0.0
