global_step,grad_norm,loss,train/accuracy,train/loss,validation/accuracy,validation/loss,validation/num_examples,test/accuracy,test/loss,test/num_examples,score,total_duration,accumulated_submission_time,accumulated_eval_time,accumulated_logging_time,preemption_count
0,134.35562,11.092813,,,,,,,,,,,,,,
1,,,0.0007971938466653,895.6250610351562,0.0009999999310821,903.603271484375,50000.0,0.0010000000474974,893.7721557617188,10000.0,31.61523723602295,61.33253049850464,31.61523723602295,29.71718168258667,0.0,0.0
100,72.659164,7.7674403,,,,,,,,,,,,,,
200,55.388065,7.0001655,,,,,,,,,,,,,,
300,49.84158,6.9546165,,,,,,,,,,,,,,
400,42.944202,6.9634676,,,,,,,,,,,,,,
500,36.292202,6.9474964,,,,,,,,,,,,,,
600,26.49951,6.944556,,,,,,,,,,,,,,
700,21.334337,6.8779016,,,,,,,,,,,,,,
800,18.226318,6.8052173,,,,,,,,,,,,,,
900,15.26522,6.675695,,,,,,,,,,,,,,
1000,13.659751,6.579381,,,,,,,,,,,,,,
1100,11.458774,6.4402046,,,,,,,,,,,,,,
1200,11.481391,6.363707,,,,,,,,,,,,,,
1300,9.726803,6.2395306,,,,,,,,,,,,,,
1400,10.051798,6.2482977,,,,,,,,,,,,,,
1500,8.866834,6.1173544,,,,,,,,,,,,,,
1518,,,0.0308912619948387,6.574036598205566,0.0293199997395277,6.679080486297607,50000.0,0.0237000007182359,6.478372573852539,10000.0,541.8259837627411,605.0710918903351,541.8259837627411,63.16857194900513,0.0201761722564697,0.0
1600,8.776176,5.958604,,,,,,,,,,,,,,
1700,8.811693,5.9595017,,,,,,,,,,,,,,
1800,8.065837,5.863573,,,,,,,,,,,,,,
1900,7.654197,5.807249,,,,,,,,,,,,,,
2000,7.5607634,5.6826463,,,,,,,,,,,,,,
2100,7.228926,5.4515853,,,,,,,,,,,,,,
2200,8.131208,5.5158978,,,,,,,,,,,,,,
2300,6.6768155,5.3223667,,,,,,,,,,,,,,
2400,8.422889,5.381795,,,,,,,,,,,,,,
2500,6.4111676,5.195845,,,,,,,,,,,,,,
2600,6.7085476,5.039403,,,,,,,,,,,,,,
2700,5.9764276,5.085575,,,,,,,,,,,,,,
2800,6.473105,5.027296,,,,,,,,,,,,,,
2900,5.982688,4.8433127,,,,,,,,,,,,,,
3000,5.929724,4.7917547,,,,,,,,,,,,,,
3035,,,0.1512675285339355,5.044651985168457,0.1413999944925308,5.240272521972656,50000.0,0.1043000072240829,5.323904991149902,10000.0,1051.986201286316,1145.4761822223663,1051.986201286316,93.32368588447572,0.0541131496429443,0.0
3100,5.6252937,4.667568,,,,,,,,,,,,,,
3200,5.374783,4.6598167,,,,,,,,,,,,,,
3300,5.72964,4.576553,,,,,,,,,,,,,,
3400,6.793968,4.4536805,,,,,,,,,,,,,,
3500,5.472535,4.40862,,,,,,,,,,,,,,
3600,5.528436,4.274223,,,,,,,,,,,,,,
3700,5.851657,4.209819,,,,,,,,,,,,,,
3800,5.6769795,4.153027,,,,,,,,,,,,,,
3900,5.6889734,4.2025237,,,,,,,,,,,,,,
4000,5.994739,4.1871486,,,,,,,,,,,,,,
4100,6.361068,4.075873,,,,,,,,,,,,,,
4200,5.8634276,4.052098,,,,,,,,,,,,,,
4300,4.802397,4.041194,,,,,,,,,,,,,,
4400,5.448084,3.964272,,,,,,,,,,,,,,
4500,5.563497,3.8624249,,,,,,,,,,,,,,
4551,,,0.3120216727256775,3.3301842212677,0.2764399945735931,3.616332292556762,50000.0,0.2045000046491623,4.213748455047607,10000.0,1561.9791927337646,1689.0044605731964,1561.9791927337646,126.77197551727296,0.0851938724517822,0.0
4600,5.902679,3.730276,,,,,,,,,,,,,,
4700,5.130328,3.747201,,,,,,,,,,,,,,
4800,5.4420447,3.6884162,,,,,,,,,,,,,,
4900,5.256124,3.6755087,,,,,,,,,,,,,,
5000,4.5616,3.5448751,,,,,,,,,,,,,,
5100,5.1211047,3.5037653,,,,,,,,,,,,,,
5200,4.77457,3.4927235,,,,,,,,,,,,,,
5300,7.3783255,3.7450514,,,,,,,,,,,,,,
5400,4.2307296,3.4666727,,,,,,,,,,,,,,
5500,4.8732815,3.535131,,,,,,,,,,,,,,
5600,4.290899,3.4983952,,,,,,,,,,,,,,
5700,5.878496,3.4288323,,,,,,,,,,,,,,
5800,5.778568,3.282659,,,,,,,,,,,,,,
5900,7.789607,3.3673599,,,,,,,,,,,,,,
6000,6.177001,3.3502395,,,,,,,,,,,,,,
6067,,,0.3910833895206451,2.9344403743743896,0.3489199876785278,3.113899946212769,50000.0,0.2680000066757202,4.036805629730225,10000.0,2071.9235520362854,2234.4728717803955,2071.9235520362854,162.20836901664734,0.1171483993530273,0.0
6100,5.6312633,3.2081034,,,,,,,,,,,,,,
6200,9.920437,3.3747938,,,,,,,,,,,,,,
6300,3.365883,3.4310799,,,,,,,,,,,,,,
6400,4.034851,3.365557,,,,,,,,,,,,,,
6500,4.1496143,3.3157322,,,,,,,,,,,,,,
6600,4.6988425,3.195779,,,,,,,,,,,,,,
6700,4.4201536,3.1231647,,,,,,,,,,,,,,
6800,4.4195127,2.980004,,,,,,,,,,,,,,
6900,5.231559,3.0889428,,,,,,,,,,,,,,
7000,3.669278,3.2206717,,,,,,,,,,,,,,
7100,4.337587,2.9993944,,,,,,,,,,,,,,
7200,4.2033033,3.0456977,,,,,,,,,,,,,,
7300,4.069545,3.2519226,,,,,,,,,,,,,,
7400,3.8568368,3.099933,,,,,,,,,,,,,,
7500,3.9981368,3.048905,,,,,,,,,,,,,,
7584,,,0.4475246965885162,2.5089714527130127,0.4142999947071075,2.712594985961914,50000.0,0.3214000165462494,3.5081186294555664,10000.0,2582.142871618271,2779.450519561768,2582.142871618271,196.88324332237244,0.1440291404724121,0.0
7600,4.5236073,3.194851,,,,,,,,,,,,,,
7700,5.0303645,3.0246425,,,,,,,,,,,,,,
7800,4.1819067,2.972314,,,,,,,,,,,,,,
7900,5.599202,3.0506191,,,,,,,,,,,,,,
8000,3.500413,3.0177178,,,,,,,,,,,,,,
8100,4.160656,2.9205983,,,,,,,,,,,,,,
8200,4.1844244,2.7429,,,,,,,,,,,,,,
8300,5.5038314,2.7362432,,,,,,,,,,,,,,
8400,5.4930606,2.7685297,,,,,,,,,,,,,,
8500,3.4128919,2.8762527,,,,,,,,,,,,,,
8600,4.7960057,2.895805,,,,,,,,,,,,,,
8700,4.726255,2.8597906,,,,,,,,,,,,,,
8800,3.5443645,2.874196,,,,,,,,,,,,,,
8900,11.0671015,2.8784065,,,,,,,,,,,,,,
9000,3.9811542,2.8437371,,,,,,,,,,,,,,
9100,13.048506,2.8610682,,,,,,,,,,,,,,
9101,,,0.4279934465885162,2.55600380897522,0.3974999785423279,2.742410898208618,50000.0,0.305400013923645,3.42824125289917,10000.0,3092.2706282138824,3323.3519837856293,3092.2706282138824,230.57275295257568,0.1722102165222168,0.0
9200,3.3626752,2.844871,,,,,,,,,,,,,,
9300,4.720064,2.85341,,,,,,,,,,,,,,
9400,4.152933,3.065223,,,,,,,,,,,,,,
9500,5.535536,2.9020185,,,,,,,,,,,,,,
9600,3.8402011,2.7006602,,,,,,,,,,,,,,
9700,5.4624376,3.0418572,,,,,,,,,,,,,,
9800,2.6685128,2.772448,,,,,,,,,,,,,,
9900,2.9202662,2.7631495,,,,,,,,,,,,,,
10000,2.931071,2.776515,,,,,,,,,,,,,,
10100,11.7113,2.7552128,,,,,,,,,,,,,,
10200,5.3984823,2.7493095,,,,,,,,,,,,,,
10300,5.9664254,2.998517,,,,,,,,,,,,,,
10400,10.970367,3.013617,,,,,,,,,,,,,,
10500,2.8632336,2.8564606,,,,,,,,,,,,,,
10600,3.3263962,2.6825624,,,,,,,,,,,,,,
10619,,,0.4963528215885162,2.196493148803711,0.4552799761295318,2.426560640335083,50000.0,0.3553000092506408,3.126627445220948,10000.0,3602.520510911941,3868.459349632263,3602.520510911941,265.34501481056213,0.2016019821166992,0.0
10700,4.0955963,2.6613793,,,,,,,,,,,,,,
10800,2.5353856,2.7478871,,,,,,,,,,,,,,
10900,2.6729023,2.7206378,,,,,,,,,,,,,,
11000,6.67393,2.7610066,,,,,,,,,,,,,,
11100,3.5975068,2.7065911,,,,,,,,,,,,,,
11200,6.7575893,2.6392484,,,,,,,,,,,,,,
11300,2.857279,2.7002633,,,,,,,,,,,,,,
11400,4.6456127,2.6615705,,,,,,,,,,,,,,
11500,3.9583654,2.6617124,,,,,,,,,,,,,,
11600,5.124789,2.6318226,,,,,,,,,,,,,,
11700,4.058701,2.6352267,,,,,,,,,,,,,,
11800,5.7491097,2.6939118,,,,,,,,,,,,,,
11900,4.346015,2.5823443,,,,,,,,,,,,,,
12000,3.446269,2.6750007,,,,,,,,,,,,,,
12100,2.7794783,2.59865,,,,,,,,,,,,,,
12137,,,0.5322664380073547,8.332073211669922,0.4736000001430511,9.851602554321287,50000.0,0.3651000261306762,11.154122352600098,10000.0,4112.739576339722,4413.745954275131,4112.739576339722,300.3275547027588,0.2308626174926757,0.0
12200,3.1977417,2.6632555,,,,,,,,,,,,,,
12300,5.649374,2.6141744,,,,,,,,,,,,,,
12400,3.111176,2.5502844,,,,,,,,,,,,,,
12500,3.2347996,3.1885166,,,,,,,,,,,,,,
12600,3.652022,2.6723711,,,,,,,,,,,,,,
12700,5.9718833,2.5752153,,,,,,,,,,,,,,
12800,3.6250925,2.5374024,,,,,,,,,,,,,,
12900,3.4407668,2.5471888,,,,,,,,,,,,,,
13000,4.3392396,2.629325,,,,,,,,,,,,,,
13100,6.525914,2.4540586,,,,,,,,,,,,,,
13200,4.961356,2.6184802,,,,,,,,,,,,,,
13300,3.5828907,2.5803947,,,,,,,,,,,,,,
13400,8.372771,2.5829449,,,,,,,,,,,,,,
13500,3.3703227,2.6651716,,,,,,,,,,,,,,
13600,2.4277134,2.5915987,,,,,,,,,,,,,,
13656,,,0.5587731003761292,1.85986590385437,0.5039600133895874,2.17757511138916,50000.0,0.3882000148296356,2.9167287349700928,10000.0,4622.728707790375,4957.37836098671,4622.728707790375,333.8851511478424,0.2602996826171875,0.0
13700,5.413458,2.3823354,,,,,,,,,,,,,,
13800,3.939898,2.4369645,,,,,,,,,,,,,,
13900,2.6350908,2.3860054,,,,,,,,,,,,,,
14000,4.200097,2.430886,,,,,,,,,,,,,,
14100,2.4145749,2.4498303,,,,,,,,,,,,,,
14200,6.0921235,2.5747182,,,,,,,,,,,,,,
14300,3.4066036,2.4348693,,,,,,,,,,,,,,
14400,8.518144,2.4525263,,,,,,,,,,,,,,
14500,7.034198,2.3247697,,,,,,,,,,,,,,
14600,2.8322713,2.470994,,,,,,,,,,,,,,
14700,11.871534,2.54629,,,,,,,,,,,,,,
14800,5.040577,2.5687308,,,,,,,,,,,,,,
14900,4.2593236,2.429624,,,,,,,,,,,,,,
15000,4.3688006,2.5578158,,,,,,,,,,,,,,
15100,4.921339,2.4044209,,,,,,,,,,,,,,
15176,,,0.5520368218421936,1.907192945480347,0.5051199793815613,2.158712387084961,50000.0,0.3945000171661377,2.890684127807617,10000.0,5132.923580408096,5502.6635065078735,5132.923580408096,368.8905005455017,0.2894730567932129,0.0
15200,3.0547419,2.6135225,,,,,,,,,,,,,,
15300,5.67607,2.4823284,,,,,,,,,,,,,,
15400,4.4624486,2.4339569,,,,,,,,,,,,,,
15500,8.66546,2.4537613,,,,,,,,,,,,,,
15600,2.2817311,2.4944673,,,,,,,,,,,,,,
15700,2.6715472,2.5358684,,,,,,,,,,,,,,
15800,4.0582385,2.4566019,,,,,,,,,,,,,,
15900,3.830098,2.392321,,,,,,,,,,,,,,
16000,3.5735846,2.4098532,,,,,,,,,,,,,,
16100,3.2229507,2.2874584,,,,,,,,,,,,,,
16200,2.385212,2.341214,,,,,,,,,,,,,,
16300,3.1685169,2.530923,,,,,,,,,,,,,,
16400,3.5433016,2.3292377,,,,,,,,,,,,,,
16500,2.596126,2.4208288,,,,,,,,,,,,,,
16600,6.789182,2.5305243,,,,,,,,,,,,,,
16696,,,0.5511001348495483,2.054534912109375,0.5120999813079834,2.2706661224365234,50000.0,0.3952000141143799,3.13499116897583,10000.0,5642.8685512542725,6049.138689517975,5642.8685512542725,405.3328506946564,0.3206264972686767,0.0
16700,9.299283,2.3700469,,,,,,,,,,,,,,
16800,2.5831375,2.5726454,,,,,,,,,,,,,,
16900,3.4498193,2.3040068,,,,,,,,,,,,,,
17000,3.7707186,2.4903674,,,,,,,,,,,,,,
17100,3.0911114,2.5385895,,,,,,,,,,,,,,
17200,3.2062535,2.537796,,,,,,,,,,,,,,
17300,2.842444,2.270461,,,,,,,,,,,,,,
17400,2.2409794,2.3870723,,,,,,,,,,,,,,
17500,2.061963,2.360372,,,,,,,,,,,,,,
17600,2.5817797,2.26659,,,,,,,,,,,,,,
17700,2.2020967,2.3237123,,,,,,,,,,,,,,
17800,3.1009915,2.360789,,,,,,,,,,,,,,
17900,5.007028,2.2342286,,,,,,,,,,,,,,
18000,2.5941088,2.370228,,,,,,,,,,,,,,
18100,1.8914486,2.209307,,,,,,,,,,,,,,
18200,2.77676,2.2565346,,,,,,,,,,,,,,
18217,,,0.5638552308082581,1.8414239883422847,0.5272600054740906,2.04841947555542,50000.0,0.4099000096321106,2.739081859588623,10000.0,6152.931766986847,6593.957319498062,6152.931766986847,439.9998426437378,0.3527662754058838,0.0
18300,2.4593995,2.2684088,,,,,,,,,,,,,,
18400,3.3380542,2.2920332,,,,,,,,,,,,,,
18500,2.5604405,2.303393,,,,,,,,,,,,,,
18600,3.5340424,2.3238847,,,,,,,,,,,,,,
18700,3.0591483,2.2960045,,,,,,,,,,,,,,
18800,3.130382,2.2179828,,,,,,,,,,,,,,
18900,3.4426472,2.3555126,,,,,,,,,,,,,,
19000,5.1198783,2.2813802,,,,,,,,,,,,,,
19100,2.7200167,2.0724266,,,,,,,,,,,,,,
19200,3.538516,2.3256745,,,,,,,,,,,,,,
19300,3.186147,2.3571289,,,,,,,,,,,,,,
19400,9.239706,2.431121,,,,,,,,,,,,,,
19500,2.9044056,2.480644,,,,,,,,,,,,,,
19600,3.0863109,2.3602126,,,,,,,,,,,,,,
19700,2.9476933,2.2944498,,,,,,,,,,,,,,
19738,,,0.5779455900192261,1.778120994567871,0.5370399951934814,1.9884663820266724,50000.0,0.4258000254631042,2.7050673961639404,10000.0,6663.0849866867065,7138.714977025986,6663.0849866867065,474.5140187740326,0.3869063854217529,0.0
19800,10.453771,2.2369702,,,,,,,,,,,,,,
19900,3.0851912,2.1905136,,,,,,,,,,,,,,
20000,3.1463318,2.2759655,,,,,,,,,,,,,,
20100,2.7507513,2.113065,,,,,,,,,,,,,,
20200,2.601876,2.380586,,,,,,,,,,,,,,
20300,2.8216646,2.335995,,,,,,,,,,,,,,
20400,4.1163855,2.1662903,,,,,,,,,,,,,,
20500,2.967349,2.273103,,,,,,,,,,,,,,
20600,3.0627615,2.2627208,,,,,,,,,,,,,,
20700,2.5101511,2.1361523,,,,,,,,,,,,,,
20800,2.7698526,2.2352512,,,,,,,,,,,,,,
20900,4.8545694,2.2677763,,,,,,,,,,,,,,
21000,3.3794472,2.2350376,,,,,,,,,,,,,,
21100,3.5433824,2.3164861,,,,,,,,,,,,,,
21200,3.7150812,2.306046,,,,,,,,,,,,,,
21260,,,0.6310786008834839,1.494003415107727,0.5486999750137329,1.9119406938552856,50000.0,0.4310000240802765,2.655944585800171,10000.0,7173.329429864883,7682.185875177383,7173.329429864883,507.65555810928345,0.4156935214996338,0.0
21300,4.2109556,2.0958436,,,,,,,,,,,,,,
21400,3.0029416,2.142004,,,,,,,,,,,,,,
21500,3.2034476,2.2091987,,,,,,,,,,,,,,
21600,2.522629,2.0889626,,,,,,,,,,,,,,
21700,4.331832,2.264936,,,,,,,,,,,,,,
21800,3.6572435,2.148566,,,,,,,,,,,,,,
21900,2.777952,2.150372,,,,,,,,,,,,,,
22000,2.5749445,2.1593215,,,,,,,,,,,,,,
22100,4.0819936,2.2021933,,,,,,,,,,,,,,
22200,2.7500591,2.0864975,,,,,,,,,,,,,,
22300,2.9991734,2.0750272,,,,,,,,,,,,,,
22400,3.0031767,2.1682596,,,,,,,,,,,,,,
22500,3.336258,2.1164958,,,,,,,,,,,,,,
22600,2.7799938,2.0840259,,,,,,,,,,,,,,
22700,2.5705543,2.150874,,,,,,,,,,,,,,
22782,,,0.6202965378761292,1.5338271856307983,0.5654799938201904,1.8457894325256348,50000.0,0.445900022983551,2.526584386825561,10000.0,7683.491786003113,8227.177368164062,7683.491786003113,542.3987703323364,0.4454259872436523,0.0
22800,2.9190404,2.115769,,,,,,,,,,,,,,
22900,4.319896,2.1852565,,,,,,,,,,,,,,
23000,3.5382185,2.1477847,,,,,,,,,,,,,,
23100,2.635691,2.0810392,,,,,,,,,,,,,,
23200,2.5682683,2.237533,,,,,,,,,,,,,,
23300,2.640371,2.0839193,,,,,,,,,,,,,,
23400,3.6120775,2.2942545,,,,,,,,,,,,,,
23500,2.8107738,2.172921,,,,,,,,,,,,,,
23600,3.311336,2.0830274,,,,,,,,,,,,,,
23700,3.1166258,2.1695764,,,,,,,,,,,,,,
23800,3.9657729,2.0035255,,,,,,,,,,,,,,
23900,3.0177574,2.091969,,,,,,,,,,,,,,
24000,2.3482614,2.125579,,,,,,,,,,,,,,
24100,2.9985638,2.2081385,,,,,,,,,,,,,,
24200,2.4351163,2.1256652,,,,,,,,,,,,,,
24300,3.050306,2.0757444,,,,,,,,,,,,,,
24305,,,0.622468888759613,1.548698663711548,0.5754799842834473,1.7988892793655396,50000.0,0.4479000270366668,2.5436697006225586,10000.0,8193.45756316185,8770.727532625198,8193.45756316185,575.8964684009552,0.4756603240966797,0.0
24400,3.061232,2.1560614,,,,,,,,,,,,,,
24500,2.8851278,2.0561607,,,,,,,,,,,,,,
24600,3.0777676,2.1266346,,,,,,,,,,,,,,
24700,3.1309643,2.1360905,,,,,,,,,,,,,,
24800,3.2990532,2.0208993,,,,,,,,,,,,,,
24900,3.32683,2.04202,,,,,,,,,,,,,,
25000,2.960043,2.1098282,,,,,,,,,,,,,,
25100,3.4007118,2.125816,,,,,,,,,,,,,,
25200,2.699058,2.1209645,,,,,,,,,,,,,,
25300,3.0483584,1.9807969,,,,,,,,,,,,,,
25400,2.6061194,2.0556898,,,,,,,,,,,,,,
25500,3.046205,2.043455,,,,,,,,,,,,,,
25600,3.1885352,2.115858,,,,,,,,,,,,,,
25700,2.8735712,2.1186042,,,,,,,,,,,,,,
25800,2.9964814,2.1061263,,,,,,,,,,,,,,
25830,,,0.6193598508834839,1.551943063735962,0.5741199851036072,1.7871381044387815,50000.0,0.4543000161647796,2.5195887088775635,10000.0,8703.704002141953,9313.331017017365,8703.704002141953,608.16752409935,0.5053064823150635,0.0
25900,3.116823,2.0134044,,,,,,,,,,,,,,
26000,3.555977,2.0264845,,,,,,,,,,,,,,
26100,3.121527,1.9969304,,,,,,,,,,,,,,
26200,2.9956877,2.1555767,,,,,,,,,,,,,,
26300,2.8289115,2.0752687,,,,,,,,,,,,,,
26400,3.5400815,1.996048,,,,,,,,,,,,,,
26500,2.789706,2.1577468,,,,,,,,,,,,,,
26600,3.0634575,2.0795918,,,,,,,,,,,,,,
26700,3.3989277,2.088647,,,,,,,,,,,,,,
26800,2.861661,2.1081178,,,,,,,,,,,,,,
26900,4.108614,2.1306753,,,,,,,,,,,,,,
27000,2.82913,1.986266,,,,,,,,,,,,,,
27100,3.4864423,2.1523178,,,,,,,,,,,,,,
27200,2.9229183,2.0228398,,,,,,,,,,,,,,
27300,2.8548849,2.121303,,,,,,,,,,,,,,
27354,,,0.6075215339660645,1.6301714181900024,0.5680199861526489,1.8303964138031008,50000.0,0.4426000118255615,2.557466506958008,10000.0,9213.739795446396,9857.838440656662,9213.739795446396,642.5515010356903,0.5368716716766357,0.0
27400,2.6951687,2.016079,,,,,,,,,,,,,,
27500,3.2099974,2.0961177,,,,,,,,,,,,,,
27600,2.7707543,1.980914,,,,,,,,,,,,,,
27700,2.777702,2.1092489,,,,,,,,,,,,,,
27800,4.8621583,2.4835026,,,,,,,,,,,,,,
27900,3.2503722,2.1733024,,,,,,,,,,,,,,
28000,2.7773082,1.9649577,,,,,,,,,,,,,,
28100,3.751224,2.1363046,,,,,,,,,,,,,,
28200,3.5696704,2.0725236,,,,,,,,,,,,,,
28300,3.0257566,2.0127108,,,,,,,,,,,,,,
28400,2.7419572,2.0364776,,,,,,,,,,,,,,
28500,3.373579,2.146618,,,,,,,,,,,,,,
28600,3.3213446,1.9431143,,,,,,,,,,,,,,
28700,4.0122313,2.0801091,,,,,,,,,,,,,,
28800,3.296683,2.1524582,,,,,,,,,,,,,,
28879,,,0.6261160373687744,1.537706971168518,0.5861600041389465,1.750110387802124,50000.0,0.4672000110149383,2.467888116836548,10000.0,9723.834722995758,10400.751909017565,9723.834722995758,675.2779724597931,0.5719621181488037,0.0
28900,2.5728343,1.9357975,,,,,,,,,,,,,,
29000,4.3815484,2.073212,,,,,,,,,,,,,,
29100,3.055364,2.0081034,,,,,,,,,,,,,,
29200,3.1124575,1.9689498,,,,,,,,,,,,,,
29300,3.1726782,2.0636165,,,,,,,,,,,,,,
29400,2.894451,2.0881197,,,,,,,,,,,,,,
29500,2.9395604,2.0287933,,,,,,,,,,,,,,
29600,2.8410778,2.0552804,,,,,,,,,,,,,,
29700,3.1803222,2.0772977,,,,,,,,,,,,,,
29800,2.8557096,2.0085566,,,,,,,,,,,,,,
29900,2.8002605,2.104476,,,,,,,,,,,,,,
30000,3.2885401,2.032188,,,,,,,,,,,,,,
30100,3.1430845,2.047388,,,,,,,,,,,,,,
30200,3.311037,2.110318,,,,,,,,,,,,,,
30300,3.6342807,2.12929,,,,,,,,,,,,,,
30400,2.9901757,2.1033545,,,,,,,,,,,,,,
30403,,,0.6482580900192261,1.3929733037948608,0.5826799869537354,1.7493160963058472,50000.0,0.4638000130653381,2.464209794998169,10000.0,10233.90127658844,10945.309603214264,10233.90127658844,709.6830666065216,0.6018502712249756,0.0
30500,3.9189622,2.0241697,,,,,,,,,,,,,,
30600,3.4384124,1.9297625,,,,,,,,,,,,,,
30700,3.2534058,1.9954216,,,,,,,,,,,,,,
30800,2.961188,2.0847816,,,,,,,,,,,,,,
30900,3.5821893,1.9101243,,,,,,,,,,,,,,
31000,3.2183106,1.940546,,,,,,,,,,,,,,
31100,3.4369676,2.013737,,,,,,,,,,,,,,
31200,3.7310295,2.0201182,,,,,,,,,,,,,,
31300,3.098128,2.1233346,,,,,,,,,,,,,,
31400,2.9322834,2.0837767,,,,,,,,,,,,,,
31500,3.4248362,2.025171,,,,,,,,,,,,,,
31600,3.4937665,1.9391098,,,,,,,,,,,,,,
31700,2.9114408,1.9547151,,,,,,,,,,,,,,
31800,3.9387848,2.0539308,,,,,,,,,,,,,,
31900,3.4398363,2.0429344,,,,,,,,,,,,,,
31928,,,0.6408641338348389,1.4563595056533811,0.5890200138092041,1.7062809467315674,50000.0,0.4723000228404999,2.4144201278686523,10000.0,10744.026017665865,11489.151015281675,10744.026017665865,743.3123681545258,0.6328718662261963,0.0
32000,3.1407914,2.165266,,,,,,,,,,,,,,
32100,2.9580178,1.9651065,,,,,,,,,,,,,,
32200,3.121828,2.0583565,,,,,,,,,,,,,,
32300,3.0381198,2.0314271,,,,,,,,,,,,,,
32400,2.9638968,2.0906518,,,,,,,,,,,,,,
32500,3.0922413,2.0276504,,,,,,,,,,,,,,
32600,3.5408418,2.1251683,,,,,,,,,,,,,,
32700,3.4411163,2.0072513,,,,,,,,,,,,,,
32800,3.4265125,1.9073737,,,,,,,,,,,,,,
32900,3.6900477,1.9959784,,,,,,,,,,,,,,
33000,3.590349,1.9903898,,,,,,,,,,,,,,
33100,3.2224984,2.0495129,,,,,,,,,,,,,,
33200,3.3367536,1.921979,,,,,,,,,,,,,,
33300,3.1501453,2.1074078,,,,,,,,,,,,,,
33400,3.0239727,1.9255869,,,,,,,,,,,,,,
33453,,,0.6384725570678711,1.469167709350586,0.5887599587440491,1.7164849042892456,50000.0,0.4636000096797943,2.434290885925293,10000.0,11254.172989845276,12033.216435432434,11254.172989845276,777.1444163322449,0.6630129814147949,0.0
33500,4.072116,1.9520177,,,,,,,,,,,,,,
33600,3.1306221,1.9294927,,,,,,,,,,,,,,
33700,4.1275697,1.9511757,,,,,,,,,,,,,,
33800,3.5276659,1.9637183,,,,,,,,,,,,,,
33900,3.0575218,1.9831027,,,,,,,,,,,,,,
34000,3.2153358,1.9260345,,,,,,,,,,,,,,
34100,2.978155,1.998786,,,,,,,,,,,,,,
34200,3.1386957,2.0351806,,,,,,,,,,,,,,
34300,4.0863657,2.0171695,,,,,,,,,,,,,,
34400,3.2385747,2.106158,,,,,,,,,,,,,,
34500,3.1627626,1.9855721,,,,,,,,,,,,,,
34600,3.1079552,1.9586545,,,,,,,,,,,,,,
34700,3.6458435,1.9635956,,,,,,,,,,,,,,
34800,3.1530676,2.1284523,,,,,,,,,,,,,,
34900,4.0485477,1.9273303,,,,,,,,,,,,,,
34978,,,0.6368184089660645,1.4599367380142212,0.5937199592590332,1.7125238180160522,50000.0,0.4756000339984894,2.4178853034973145,10000.0,11764.365969896317,12577.96583366394,11764.365969896317,811.6126635074615,0.6953272819519043,0.0
35000,2.9913557,1.9647872,,,,,,,,,,,,,,
35100,2.7773054,1.9917212,,,,,,,,,,,,,,
35200,3.5205753,1.9630715,,,,,,,,,,,,,,
35300,3.9658704,2.004424,,,,,,,,,,,,,,
35400,3.0685403,2.0164347,,,,,,,,,,,,,,
35500,4.6810665,2.017878,,,,,,,,,,,,,,
35600,2.971394,1.9263278,,,,,,,,,,,,,,
35700,3.1942127,1.929184,,,,,,,,,,,,,,
35800,3.2595832,1.9500647,,,,,,,,,,,,,,
35900,3.787971,2.1223783,,,,,,,,,,,,,,
36000,3.3808968,1.9509085,,,,,,,,,,,,,,
36100,3.3522723,2.0460563,,,,,,,,,,,,,,
36200,2.8399696,1.9248296,,,,,,,,,,,,,,
36300,3.4433277,1.973052,,,,,,,,,,,,,,
36400,3.3260503,1.861912,,,,,,,,,,,,,,
36500,3.9030883,2.1187382,,,,,,,,,,,,,,
36503,,,0.6310188174247742,1.5083562135696411,0.5929399728775024,1.7087727785110474,50000.0,0.4668000340461731,2.46577262878418,10000.0,12274.584277153015,13122.47371339798,12274.584277153015,845.8100070953369,0.730954647064209,0.0
36600,3.4537282,1.9845824,,,,,,,,,,,,,,
36700,3.2773974,1.9710106,,,,,,,,,,,,,,
36800,3.9133599,2.0314856,,,,,,,,,,,,,,
36900,3.5503325,1.9863284,,,,,,,,,,,,,,
37000,3.7409196,1.9456596,,,,,,,,,,,,,,
37100,3.9955134,1.9614483,,,,,,,,,,,,,,
37200,4.0145645,1.9169939,,,,,,,,,,,,,,
37300,3.0678618,2.019011,,,,,,,,,,,,,,
37400,3.126203,2.0414412,,,,,,,,,,,,,,
37500,3.1758306,1.8492674,,,,,,,,,,,,,,
37600,2.8882563,1.8805153,,,,,,,,,,,,,,
37700,3.0081332,1.959595,,,,,,,,,,,,,,
37800,3.8701658,2.0960555,,,,,,,,,,,,,,
37900,2.9493682,1.9423674,,,,,,,,,,,,,,
38000,3.4974263,2.0358953,,,,,,,,,,,,,,
38028,,,0.6835737824440002,1.263513684272766,0.5998600125312805,1.664934158325195,50000.0,0.4833000302314758,2.365050792694092,10000.0,12784.743623495102,13666.173125743866,12784.743623495102,879.2555539608002,0.7694120407104492,0.0
38100,3.411986,1.9907988,,,,,,,,,,,,,,
38200,3.048551,2.0591078,,,,,,,,,,,,,,
38300,2.8697503,1.924175,,,,,,,,,,,,,,
38400,3.5971465,1.9913834,,,,,,,,,,,,,,
38500,3.5706885,2.0034223,,,,,,,,,,,,,,
38600,3.0147395,1.930587,,,,,,,,,,,,,,
38700,3.3574483,2.0178425,,,,,,,,,,,,,,
38800,3.037606,2.0510461,,,,,,,,,,,,,,
38900,3.4733286,1.9827051,,,,,,,,,,,,,,
39000,3.2148075,1.995611,,,,,,,,,,,,,,
39100,4.21104,1.939083,,,,,,,,,,,,,,
39200,3.21442,1.9559374,,,,,,,,,,,,,,
39300,3.652058,1.9567568,,,,,,,,,,,,,,
39400,3.0461712,2.018426,,,,,,,,,,,,,,
39500,3.276657,2.0048494,,,,,,,,,,,,,,
39553,,,0.6593590378761292,1.3650885820388794,0.5950799584388733,1.6788315773010254,50000.0,0.4794000089168548,2.373822927474976,10000.0,13294.686612129211,14212.125200510023,13294.686612129211,915.171958208084,0.805699348449707,0.0
39600,3.3771093,1.9243494,,,,,,,,,,,,,,
39700,3.7684135,2.023038,,,,,,,,,,,,,,
39800,4.022362,1.9308705,,,,,,,,,,,,,,
39900,3.3009777,1.9244527,,,,,,,,,,,,,,
40000,3.1148198,1.8372506,,,,,,,,,,,,,,
40100,3.5971332,1.91307,,,,,,,,,,,,,,
40200,3.4320805,1.8681098,,,,,,,,,,,,,,
40300,3.7279613,1.9529381,,,,,,,,,,,,,,
40400,3.5841875,1.9338381,,,,,,,,,,,,,,
40500,3.8321805,1.90889,,,,,,,,,,,,,,
40600,3.9845917,1.9396279,,,,,,,,,,,,,,
40700,4.089063,1.8119752,,,,,,,,,,,,,,
40800,3.7724924,1.9596527,,,,,,,,,,,,,,
40900,3.6738164,2.0373468,,,,,,,,,,,,,,
41000,3.4028575,2.0022836,,,,,,,,,,,,,,
41079,,,0.6504703164100647,1.4010050296783447,0.5987399816513062,1.6692780256271362,50000.0,0.4784000217914581,2.3970346450805664,10000.0,13804.824568986893,14756.173820018768,13804.824568986893,948.993679523468,0.8385822772979736,0.0
41100,3.5518885,1.9833431,,,,,,,,,,,,,,
41200,3.4459896,2.0294743,,,,,,,,,,,,,,
41300,3.1175568,1.8951998,,,,,,,,,,,,,,
41400,3.180792,1.9212257,,,,,,,,,,,,,,
41500,3.1572142,1.9494593,,,,,,,,,,,,,,
41600,4.1958447,1.9090483,,,,,,,,,,,,,,
41700,3.626648,1.962156,,,,,,,,,,,,,,
41800,4.091651,1.9624329,,,,,,,,,,,,,,
41900,3.188595,1.8871726,,,,,,,,,,,,,,
42000,3.2245014,1.9011288,,,,,,,,,,,,,,
42100,3.4055984,2.06445,,,,,,,,,,,,,,
42200,4.1923914,1.9027524,,,,,,,,,,,,,,
42300,3.3108134,1.9837972,,,,,,,,,,,,,,
42400,3.513745,1.9708622,,,,,,,,,,,,,,
42500,3.011489,1.7722425,,,,,,,,,,,,,,
42600,3.7465892,2.0185359,,,,,,,,,,,,,,
42605,,,0.644949734210968,1.4267574548721311,0.6005600094795227,1.6640324592590332,50000.0,0.4733000099658966,2.413653612136841,10000.0,14315.046006679537,15298.77942419052,14315.046006679537,981.2892143726348,0.8708577156066895,0.0
42700,3.473728,1.9084466,,,,,,,,,,,,,,
42800,4.0066414,1.9454615,,,,,,,,,,,,,,
42900,3.446111,1.8948135,,,,,,,,,,,,,,
43000,3.4430983,1.8452168,,,,,,,,,,,,,,
43100,3.4474516,1.8518512,,,,,,,,,,,,,,
43200,3.4337106,1.9448811,,,,,,,,,,,,,,
43300,3.5609825,1.9644883,,,,,,,,,,,,,,
43400,3.6324837,1.8646958,,,,,,,,,,,,,,
43500,3.0586157,1.7623762,,,,,,,,,,,,,,
43600,3.4874175,1.7802935,,,,,,,,,,,,,,
43700,3.2370195,1.9052068,,,,,,,,,,,,,,
43800,3.753409,1.9608613,,,,,,,,,,,,,,
43900,3.0121572,2.0257015,,,,,,,,,,,,,,
44000,3.7173693,2.0259645,,,,,,,,,,,,,,
44100,3.9146152,2.0709617,,,,,,,,,,,,,,
44131,,,0.6555325388908386,1.3809161186218262,0.6083799600601196,1.6254284381866455,50000.0,0.482200026512146,2.3495326042175293,10000.0,14825.276411533356,15842.555466651917,14825.276411533356,1014.7468173503876,0.9026501178741456,0.0
44200,3.239517,2.0178945,,,,,,,,,,,,,,
44300,3.0897093,1.7989827,,,,,,,,,,,,,,
44400,3.0420523,1.9532163,,,,,,,,,,,,,,
44500,3.6189525,1.9637655,,,,,,,,,,,,,,
44600,3.5890105,1.8242507,,,,,,,,,,,,,,
44700,3.2507784,2.0302854,,,,,,,,,,,,,,
44800,3.433417,1.9257212,,,,,,,,,,,,,,
44900,3.744018,2.0200653,,,,,,,,,,,,,,
45000,4.464375,1.9601152,,,,,,,,,,,,,,
45100,3.0464358,1.9436138,,,,,,,,,,,,,,
45200,3.118401,1.8384306,,,,,,,,,,,,,,
45300,2.9172893,1.8657681,,,,,,,,,,,,,,
45400,3.5800402,1.9337013,,,,,,,,,,,,,,
45500,3.8808668,1.934575,,,,,,,,,,,,,,
45600,3.1284418,1.9211897,,,,,,,,,,,,,,
45657,,,0.6531010866165161,1.399714708328247,0.6114599704742432,1.6211904287338257,50000.0,0.4901000261306762,2.3167920112609863,10000.0,15335.481530189514,16386.716871976852,15335.481530189514,1048.6116774082184,0.9379644393920898,0.0
45700,3.3980503,1.9898326,,,,,,,,,,,,,,
45800,3.1208088,1.9561539,,,,,,,,,,,,,,
45900,3.2377763,1.8152673,,,,,,,,,,,,,,
46000,3.5929918,1.9345655,,,,,,,,,,,,,,
46100,3.4642394,1.852608,,,,,,,,,,,,,,
46200,3.2862828,1.8060148,,,,,,,,,,,,,,
46300,3.2559137,1.8828566,,,,,,,,,,,,,,
46400,3.1714816,1.7646465,,,,,,,,,,,,,,
46500,3.2827427,1.873789,,,,,,,,,,,,,,
46600,3.4129229,1.8640915,,,,,,,,,,,,,,
46700,3.5498483,1.9361826,,,,,,,,,,,,,,
46800,3.6250498,1.9992359,,,,,,,,,,,,,,
46900,3.4198,1.8744708,,,,,,,,,,,,,,
47000,4.168997,1.8793294,,,,,,,,,,,,,,
47100,3.400265,1.9343085,,,,,,,,,,,,,,
47184,,,0.6813815236091614,1.268033742904663,0.6100599765777588,1.6039202213287354,50000.0,0.4875000119209289,2.3377606868743896,10000.0,15845.710708379744,16931.217928409576,15845.710708379744,1082.7943720817566,0.9708924293518066,0.0
47200,3.0708866,1.859746,,,,,,,,,,,,,,
47300,3.302616,1.909383,,,,,,,,,,,,,,
47400,3.060601,1.7168463,,,,,,,,,,,,,,
47500,3.8397248,2.0408905,,,,,,,,,,,,,,
47600,3.2933474,1.8589576,,,,,,,,,,,,,,
47700,3.693304,1.8014848,,,,,,,,,,,,,,
47800,3.0551674,1.9275959,,,,,,,,,,,,,,
47900,3.3318315,1.8777366,,,,,,,,,,,,,,
48000,3.3921812,1.9594041,,,,,,,,,,,,,,
48100,3.1050715,1.8996314,,,,,,,,,,,,,,
48200,3.7068057,1.8609982,,,,,,,,,,,,,,
48300,3.5888474,1.9957707,,,,,,,,,,,,,,
48400,3.5139353,1.8621645,,,,,,,,,,,,,,
48500,3.554574,1.8573494,,,,,,,,,,,,,,
48600,3.793748,1.9539505,,,,,,,,,,,,,,
48700,3.314757,2.0116034,,,,,,,,,,,,,,
48709,,,0.669363796710968,1.309145212173462,0.6124599575996399,1.6166677474975586,50000.0,0.4944000244140625,2.317199230194092,10000.0,16355.9313352108,17474.91471362114,16355.9313352108,1116.1780071258545,1.007429599761963,0.0
48800,3.2626398,1.8003993,,,,,,,,,,,,,,
48900,3.1734,1.8684874,,,,,,,,,,,,,,
49000,3.1185381,1.9442223,,,,,,,,,,,,,,
49100,3.3059473,1.9588847,,,,,,,,,,,,,,
49200,3.1475961,1.8480232,,,,,,,,,,,,,,
49300,2.7428102,1.7767513,,,,,,,,,,,,,,
49400,3.3823795,1.8903782,,,,,,,,,,,,,,
49500,3.3222902,2.02027,,,,,,,,,,,,,,
49600,3.8156266,1.8952487,,,,,,,,,,,,,,
49700,4.094399,1.8950555,,,,,,,,,,,,,,
49800,3.3144298,1.8767304,,,,,,,,,,,,,,
49900,3.0742798,1.8234367,,,,,,,,,,,,,,
50000,3.0343816,1.9368153,,,,,,,,,,,,,,
50100,3.5721283,1.8361207,,,,,,,,,,,,,,
50200,4.3430743,2.082061,,,,,,,,,,,,,,
50235,,,0.6608737111091614,1.3503262996673584,0.610040009021759,1.6100910902023315,50000.0,0.4900000095367431,2.313884735107422,10000.0,16865.92426109314,18017.789364099503,16865.92426109314,1148.969241142273,1.0414810180664062,0.0
50300,3.6122622,1.8865178,,,,,,,,,,,,,,
50400,3.420157,1.7195396,,,,,,,,,,,,,,
50500,3.4267678,1.7771578,,,,,,,,,,,,,,
50600,3.406032,2.0616512,,,,,,,,,,,,,,
50700,3.8118916,2.02236,,,,,,,,,,,,,,
50800,3.3747437,1.8244705,,,,,,,,,,,,,,
50900,3.2996068,1.8964398,,,,,,,,,,,,,,
51000,3.7619689,1.9528764,,,,,,,,,,,,,,
51100,3.66334,1.8535963,,,,,,,,,,,,,,
51200,3.4899025,1.716976,,,,,,,,,,,,,,
51300,3.0419924,1.8090243,,,,,,,,,,,,,,
51400,3.7314482,1.7891045,,,,,,,,,,,,,,
51500,3.2436967,1.8200165,,,,,,,,,,,,,,
51600,3.5751352,1.9749721,,,,,,,,,,,,,,
51700,3.8295765,1.8385079,,,,,,,,,,,,,,
51761,,,0.6508689522743225,1.3995177745819092,0.60725998878479,1.625325322151184,50000.0,0.4789000153541565,2.342053174972534,10000.0,17376.12216067314,18562.70538258553,17376.12216067314,1183.597681760788,1.0748519897460938,0.0
51800,3.3253355,1.9878029,,,,,,,,,,,,,,
51900,3.7099373,1.9898031,,,,,,,,,,,,,,
52000,3.5793836,1.9030361,,,,,,,,,,,,,,
52100,3.8850133,1.788379,,,,,,,,,,,,,,
52200,3.5101967,1.8941664,,,,,,,,,,,,,,
52300,3.2677686,1.85242,,,,,,,,,,,,,,
52400,3.483938,1.8241552,,,,,,,,,,,,,,
52500,3.2507966,1.8859231,,,,,,,,,,,,,,
52600,3.8708014,1.8786007,,,,,,,,,,,,,,
52700,4.0789094,1.7977041,,,,,,,,,,,,,,
52800,3.4327595,1.8806508,,,,,,,,,,,,,,
52900,3.3930783,1.8467976,,,,,,,,,,,,,,
53000,4.130815,1.9191893,,,,,,,,,,,,,,
53100,3.4547849,1.857393,,,,,,,,,,,,,,
53200,2.9872482,1.9234432,,,,,,,,,,,,,,
53287,,,0.6663743257522583,1.351165771484375,0.6165800094604492,1.5898675918579102,50000.0,0.4923000335693359,2.3042685985565186,10000.0,17886.240498781204,19108.2002120018,17886.240498781204,1218.876580953598,1.1161680221557615,0.0
53300,3.3035266,1.8445346,,,,,,,,,,,,,,
53400,3.3523417,1.8700131,,,,,,,,,,,,,,
53500,4.5885844,1.7849212,,,,,,,,,,,,,,
53600,2.9930933,1.9447218,,,,,,,,,,,,,,
53700,3.7492151,1.8989962,,,,,,,,,,,,,,
53800,3.5979478,1.9177468,,,,,,,,,,,,,,
53900,3.4591901,2.1169477,,,,,,,,,,,,,,
54000,3.9818006,2.0158064,,,,,,,,,,,,,,
54100,3.503623,2.0060053,,,,,,,,,,,,,,
54200,3.3447306,1.98178,,,,,,,,,,,,,,
54300,3.7095728,1.8657963,,,,,,,,,,,,,,
54400,3.4042842,1.7380524,,,,,,,,,,,,,,
54500,4.9043813,1.9906178,,,,,,,,,,,,,,
54600,3.7334702,1.772781,,,,,,,,,,,,,,
54700,3.2243521,1.8672748,,,,,,,,,,,,,,
54800,3.4694595,1.8731775,,,,,,,,,,,,,,
54813,,,0.6949338316917419,1.1907386779785156,0.6115999817848206,1.616758108139038,50000.0,0.4866000115871429,2.3320062160491943,10000.0,18396.39368414879,19653.183222055435,18396.39368414879,1253.6130917072296,1.1532964706420898,0.0
54900,3.3651967,1.9368066,,,,,,,,,,,,,,
55000,3.6437185,1.929959,,,,,,,,,,,,,,
55100,3.7843902,1.955075,,,,,,,,,,,,,,
55200,3.554632,2.0169969,,,,,,,,,,,,,,
55300,4.3677735,1.9294693,,,,,,,,,,,,,,
55400,3.7351477,1.8313439,,,,,,,,,,,,,,
55500,3.0123682,1.9366524,,,,,,,,,,,,,,
55600,3.8553731,1.8586848,,,,,,,,,,,,,,
55700,3.248411,1.8259094,,,,,,,,,,,,,,
55800,3.5767431,1.9053813,,,,,,,,,,,,,,
55900,3.2122767,1.7825636,,,,,,,,,,,,,,
56000,3.4257147,1.8029265,,,,,,,,,,,,,,
56100,3.1216211,1.867999,,,,,,,,,,,,,,
56200,3.9835823,1.8006725,,,,,,,,,,,,,,
56300,3.8463922,2.1170785,,,,,,,,,,,,,,
56339,,,0.6843709945678711,1.238006830215454,0.6221799850463867,1.556799054145813,50000.0,0.503600001335144,2.2432634830474854,10000.0,18906.57722759247,20198.630362033844,18906.57722759247,1288.786393880844,1.187100887298584,0.0
56400,3.5462785,1.9267454,,,,,,,,,,,,,,
56500,3.900029,1.8092852,,,,,,,,,,,,,,
56600,4.4256682,1.9049325,,,,,,,,,,,,,,
56700,3.2823315,2.008717,,,,,,,,,,,,,,
56800,3.3795397,1.938538,,,,,,,,,,,,,,
56900,4.1492524,1.7017426,,,,,,,,,,,,,,
57000,3.5842106,1.8139887,,,,,,,,,,,,,,
57100,3.543655,1.7737044,,,,,,,,,,,,,,
57200,3.7486892,1.8511655,,,,,,,,,,,,,,
57300,4.509172,1.85375,,,,,,,,,,,,,,
57400,3.7323463,1.9242686,,,,,,,,,,,,,,
57500,4.0065117,1.7843933,,,,,,,,,,,,,,
57600,3.4325373,1.9178474,,,,,,,,,,,,,,
57700,3.4018197,1.9310707,,,,,,,,,,,,,,
57800,3.5820112,2.0206714,,,,,,,,,,,,,,
57865,,,0.6713567972183228,1.2994762659072876,0.6183199882507324,1.5796592235565186,50000.0,0.4928000271320343,2.283277750015259,10000.0,19416.512343645096,20745.04466342926,19416.512343645096,1325.171037197113,1.2249360084533691,0.0
57900,3.7821243,1.8996713,,,,,,,,,,,,,,
58000,3.7624185,1.8361259,,,,,,,,,,,,,,
58100,3.5306826,1.8692586,,,,,,,,,,,,,,
58200,3.5576212,1.9213719,,,,,,,,,,,,,,
58300,3.5610049,1.8314245,,,,,,,,,,,,,,
58400,3.4211042,1.9062612,,,,,,,,,,,,,,
58500,3.3763473,1.8243334,,,,,,,,,,,,,,
58600,3.6530738,1.8764783,,,,,,,,,,,,,,
58700,4.0253553,1.8028936,,,,,,,,,,,,,,
58800,3.7751627,1.8086913,,,,,,,,,,,,,,
58900,3.5884848,1.921055,,,,,,,,,,,,,,
59000,3.6247022,1.7794979,,,,,,,,,,,,,,
59100,3.7476835,2.0019608,,,,,,,,,,,,,,
59200,3.3244565,1.83073,,,,,,,,,,,,,,
59300,3.1812847,1.7262719,,,,,,,,,,,,,,
59391,,,0.6688655614852905,1.334349274635315,0.6170799732208252,1.5901998281478882,50000.0,0.4930000305175781,2.309458017349243,10000.0,19926.451491594315,21289.90778493881,19926.451491594315,1360.0049982070925,1.2589054107666016,0.0
59400,3.2275803,1.7936089,,,,,,,,,,,,,,
59500,4.1351595,1.782754,,,,,,,,,,,,,,
59600,4.015064,1.8217082,,,,,,,,,,,,,,
59700,3.4676847,1.8479724,,,,,,,,,,,,,,
59800,3.3690622,1.827904,,,,,,,,,,,,,,
59900,3.2249012,1.7718364,,,,,,,,,,,,,,
60000,3.1828918,1.7303222,,,,,,,,,,,,,,
60100,3.6244535,1.8813919,,,,,,,,,,,,,,
60200,4.2734075,1.8784398,,,,,,,,,,,,,,
60300,3.926637,1.7590818,,,,,,,,,,,,,,
60400,3.5753582,1.8953537,,,,,,,,,,,,,,
60500,3.4544573,1.9840223,,,,,,,,,,,,,,
60600,3.4180927,1.8566259,,,,,,,,,,,,,,
60700,4.1817408,1.8926867,,,,,,,,,,,,,,
60800,3.379737,1.7894926,,,,,,,,,,,,,,
60900,4.2831674,1.8275225,,,,,,,,,,,,,,
60917,,,0.6690250039100647,1.3201956748962402,0.6203599572181702,1.562709927558899,50000.0,0.4923000335693359,2.2754995822906494,10000.0,20436.55739736557,21834.518803834915,20436.55739736557,1394.418781042099,1.2941079139709473,0.0
61000,3.590999,1.8961103,,,,,,,,,,,,,,
61100,3.559319,1.9741962,,,,,,,,,,,,,,
61200,3.544845,1.8572185,,,,,,,,,,,,,,
61300,3.7471702,1.9811625,,,,,,,,,,,,,,
61400,3.6391711,1.9227809,,,,,,,,,,,,,,
61500,3.7632842,1.8864398,,,,,,,,,,,,,,
61600,3.6819363,1.8928981,,,,,,,,,,,,,,
61700,3.622725,1.8827395,,,,,,,,,,,,,,
61800,3.9984825,1.7381586,,,,,,,,,,,,,,
61900,3.931362,2.0082164,,,,,,,,,,,,,,
62000,3.49185,1.8417408,,,,,,,,,,,,,,
62100,3.5071328,1.7520642,,,,,,,,,,,,,,
62200,3.0667622,1.8475823,,,,,,,,,,,,,,
62300,3.7254589,1.7855738,,,,,,,,,,,,,,
62400,3.8320704,1.9522827,,,,,,,,,,,,,,
62443,,,0.6686463356018066,1.3203887939453125,0.6212799549102783,1.559885859489441,50000.0,0.4993000328540802,2.299201011657715,10000.0,20946.50570940972,22380.253693580627,20946.50570940972,1430.113697528839,1.3299503326416016,0.0
62500,4.072145,1.8883684,,,,,,,,,,,,,,
62600,3.427663,1.9351279,,,,,,,,,,,,,,
62700,3.3328602,1.7005169,,,,,,,,,,,,,,
62800,4.335608,1.9076998,,,,,,,,,,,,,,
62900,3.1607406,1.8051462,,,,,,,,,,,,,,
63000,3.9021983,1.816788,,,,,,,,,,,,,,
63100,3.6948872,1.8156756,,,,,,,,,,,,,,
63200,3.2848425,1.8267931,,,,,,,,,,,,,,
63300,3.1999252,1.7703121,,,,,,,,,,,,,,
63400,3.4705985,1.802667,,,,,,,,,,,,,,
63500,3.1883943,1.6306403,,,,,,,,,,,,,,
63600,3.1316078,1.7340386,,,,,,,,,,,,,,
63700,3.360177,1.7946333,,,,,,,,,,,,,,
63800,3.6910558,1.8103343,,,,,,,,,,,,,,
63900,3.5757537,1.9593871,,,,,,,,,,,,,,
63969,,,0.6872807741165161,1.2396669387817385,0.6114999651908875,1.6111547946929932,50000.0,0.4924000203609466,2.311051845550537,10000.0,21456.650564432144,22925.18413543701,21456.650564432144,1464.8081767559052,1.3647611141204834,0.0
64000,3.2846038,1.9974276,,,,,,,,,,,,,,
64100,3.4535325,1.8231392,,,,,,,,,,,,,,
64200,3.7734013,1.7548155,,,,,,,,,,,,,,
64300,4.1437635,1.8757788,,,,,,,,,,,,,,
64400,3.8068404,1.8217266,,,,,,,,,,,,,,
64500,3.887834,1.8269506,,,,,,,,,,,,,,
64600,3.5774102,1.7494828,,,,,,,,,,,,,,
64700,3.4120903,1.7990482,,,,,,,,,,,,,,
64800,3.8975673,1.7475386,,,,,,,,,,,,,,
64900,4.233879,1.8049649,,,,,,,,,,,,,,
65000,3.2719963,1.8368496,,,,,,,,,,,,,,
65100,3.7719824,1.8245183,,,,,,,,,,,,,,
65200,4.2982435,1.7628332,,,,,,,,,,,,,,
65300,3.8381524,1.9231619,,,,,,,,,,,,,,
65400,3.5607646,1.7681541,,,,,,,,,,,,,,
65496,,,0.681640625,1.257181167602539,0.6243399977684021,1.5482840538024902,50000.0,0.4970000088214874,2.277153968811035,10000.0,21966.79813313484,23468.68507552147,21966.79813313484,1498.0693707466123,1.4005625247955322,0.0
65500,3.7026763,1.7243978,,,,,,,,,,,,,,
65600,3.5760098,1.9273856,,,,,,,,,,,,,,
65700,3.7205596,1.7326975,,,,,,,,,,,,,,
65800,3.8325586,1.8367201,,,,,,,,,,,,,,
65900,3.4178739,1.7651533,,,,,,,,,,,,,,
66000,3.681292,1.754508,,,,,,,,,,,,,,
66100,3.2042766,1.7946142,,,,,,,,,,,,,,
66200,3.6063766,1.8779049,,,,,,,,,,,,,,
66300,3.308166,1.8726854,,,,,,,,,,,,,,
66400,3.298155,1.753736,,,,,,,,,,,,,,
66500,4.357833,1.8666346,,,,,,,,,,,,,,
66600,4.233299,1.8661094,,,,,,,,,,,,,,
66700,4.2419662,1.760744,,,,,,,,,,,,,,
66800,4.3176136,1.8851364,,,,,,,,,,,,,,
66900,3.407843,1.7765412,,,,,,,,,,,,,,
67000,3.7298768,1.7530465,,,,,,,,,,,,,,
67023,,,0.6708386540412903,1.316127061843872,0.6187599897384644,1.579926371574402,50000.0,0.4888000190258026,2.33523178100586,10000.0,22476.89067864418,24014.332742214203,22476.89067864418,1533.5317935943604,1.437007188796997,0.0
67100,3.7231479,1.7821472,,,,,,,,,,,,,,
67200,3.7353685,1.8341407,,,,,,,,,,,,,,
67300,3.6955402,1.7314492,,,,,,,,,,,,,,
67400,3.5764248,1.8188463,,,,,,,,,,,,,,
67500,3.23324,1.6275856,,,,,,,,,,,,,,
67600,4.8488693,1.9479699,,,,,,,,,,,,,,
67700,4.483642,1.7137709,,,,,,,,,,,,,,
67800,4.3543353,1.8700546,,,,,,,,,,,,,,
67900,3.7361248,1.8872557,,,,,,,,,,,,,,
68000,3.4509332,1.803557,,,,,,,,,,,,,,
68100,3.5291076,1.8796619,,,,,,,,,,,,,,
68200,3.9628663,1.7749418,,,,,,,,,,,,,,
68300,3.1076415,1.7318387,,,,,,,,,,,,,,
68400,3.2801096,1.7619473,,,,,,,,,,,,,,
68500,3.794204,1.8840673,,,,,,,,,,,,,,
68550,,,0.6731504797935486,1.2846351861953735,0.631879985332489,1.5231242179870603,50000.0,0.5039000511169434,2.254284381866455,10000.0,22986.992250680923,24560.632023096085,22986.992250680923,1569.6368148326874,1.4735922813415527,0.0
68600,4.070918,1.7238108,,,,,,,,,,,,,,
68700,4.4297075,1.8315718,,,,,,,,,,,,,,
68800,3.7171683,1.7499944,,,,,,,,,,,,,,
68900,3.2614405,1.812145,,,,,,,,,,,,,,
69000,3.4222872,1.8123963,,,,,,,,,,,,,,
69100,3.9393706,1.7723548,,,,,,,,,,,,,,
69200,4.0850396,1.8059739,,,,,,,,,,,,,,
69300,3.9903514,1.7820551,,,,,,,,,,,,,,
69400,3.461988,1.7967417,,,,,,,,,,,,,,
69500,3.3834462,1.866839,,,,,,,,,,,,,,
69600,3.5443273,1.6921602,,,,,,,,,,,,,,
69700,3.6263855,1.7695539,,,,,,,,,,,,,,
69800,4.3463435,1.6382014,,,,,,,,,,,,,,
69900,3.9483418,1.6845095,,,,,,,,,,,,,,
70000,3.5118625,1.7758613,,,,,,,,,,,,,,
70077,,,0.6774752736091614,1.2803959846496582,0.6291599869728088,1.525041103363037,50000.0,0.5110000371932983,2.213733673095703,10000.0,23497.022185325623,25106.18544101715,23497.022185325623,1605.0668182373047,1.5108156204223633,0.0
70100,3.5146294,1.8257071,,,,,,,,,,,,,,
70200,3.3402886,1.8448327,,,,,,,,,,,,,,
70300,3.7663856,1.9780364,,,,,,,,,,,,,,
70400,3.6111343,1.7790942,,,,,,,,,,,,,,
70500,3.6916194,1.7370708,,,,,,,,,,,,,,
70600,3.4154232,1.6656147,,,,,,,,,,,,,,
70700,3.4896853,1.779881,,,,,,,,,,,,,,
70800,3.7201905,1.8404928,,,,,,,,,,,,,,
70900,4.8990703,1.9906034,,,,,,,,,,,,,,
71000,3.5567374,1.7978448,,,,,,,,,,,,,,
71100,4.1661906,1.7685065,,,,,,,,,,,,,,
71200,3.661756,1.7509556,,,,,,,,,,,,,,
71300,3.5334194,1.8592083,,,,,,,,,,,,,,
71400,3.5049782,1.812116,,,,,,,,,,,,,,
71500,3.558009,1.9006093,,,,,,,,,,,,,,
71600,3.9227216,1.7952543,,,,,,,,,,,,,,
71604,,,0.7063934803009033,1.1456856727600098,0.6266599893569946,1.5296576023101809,50000.0,0.5120000243186951,2.217545747756958,10000.0,24007.2513756752,25651.003651857376,24007.2513756752,1639.5646088123322,1.5465149879455566,0.0
71700,3.3802993,1.7023107,,,,,,,,,,,,,,
71800,4.0175724,1.86593,,,,,,,,,,,,,,
71900,3.9749455,1.9377337,,,,,,,,,,,,,,
72000,3.9797645,1.8982795,,,,,,,,,,,,,,
72100,4.383106,1.8347888,,,,,,,,,,,,,,
72200,4.5089846,1.7446401,,,,,,,,,,,,,,
72300,3.7676053,1.8125708,,,,,,,,,,,,,,
72400,3.4199412,1.8287004,,,,,,,,,,,,,,
72500,3.5327065,1.9206305,,,,,,,,,,,,,,
72600,4.045778,1.8307703,,,,,,,,,,,,,,
72700,3.8314197,1.637242,,,,,,,,,,,,,,
72800,3.8401496,1.7191151,,,,,,,,,,,,,,
72900,4.276674,1.794701,,,,,,,,,,,,,,
73000,3.6193144,1.679595,,,,,,,,,,,,,,
73100,3.6901507,1.7093298,,,,,,,,,,,,,,
73131,,,0.6956512928009033,1.185834884643555,0.6303200125694275,1.523221731185913,50000.0,0.5023000240325928,2.25161361694336,10000.0,24517.219524383545,26195.401197195053,24517.219524383545,1673.901792049408,1.582404851913452,0.0
73200,3.7380476,1.7493424,,,,,,,,,,,,,,
73300,4.1710696,1.8197339,,,,,,,,,,,,,,
73400,3.3172421,1.8640194,,,,,,,,,,,,,,
73500,3.8976917,1.8029424,,,,,,,,,,,,,,
73600,3.1749358,1.663213,,,,,,,,,,,,,,
73700,4.0610666,1.8035362,,,,,,,,,,,,,,
73800,3.4757345,1.6851537,,,,,,,,,,,,,,
73900,4.013901,1.96489,,,,,,,,,,,,,,
74000,3.8077927,1.7957884,,,,,,,,,,,,,,
74100,4.203353,1.8682665,,,,,,,,,,,,,,
74200,3.5448158,1.8141124,,,,,,,,,,,,,,
74300,3.7243433,1.6895311,,,,,,,,,,,,,,
74400,3.8178358,1.74664,,,,,,,,,,,,,,
74500,3.7457414,1.65024,,,,,,,,,,,,,,
74600,3.6340382,1.9010706,,,,,,,,,,,,,,
74658,,,0.6937380433082581,1.1985288858413696,0.6361199617385864,1.491474747657776,50000.0,0.5200999975204468,2.1799612045288086,10000.0,25027.50143432617,26741.33063554764,25027.50143432617,1709.449897289276,1.625577688217163,0.0
74700,4.060306,1.7554023,,,,,,,,,,,,,,
74800,3.9536731,1.7998537,,,,,,,,,,,,,,
74900,3.886395,1.7889316,,,,,,,,,,,,,,
75000,4.0246162,1.7702417,,,,,,,,,,,,,,
75100,4.061363,1.7161373,,,,,,,,,,,,,,
75200,4.621706,1.8415267,,,,,,,,,,,,,,
75300,3.243592,1.721522,,,,,,,,,,,,,,
75400,3.9132857,1.7016469,,,,,,,,,,,,,,
75500,4.170301,1.8011434,,,,,,,,,,,,,,
75600,3.7600596,1.7841594,,,,,,,,,,,,,,
75700,4.2052283,1.913163,,,,,,,,,,,,,,
75800,3.8614254,1.7321041,,,,,,,,,,,,,,
75900,4.2211757,1.7810988,,,,,,,,,,,,,,
76000,4.10233,1.8299996,,,,,,,,,,,,,,
76100,3.6560576,1.6457634,,,,,,,,,,,,,,
76185,,,0.6860849857330322,1.2400470972061155,0.6369199752807617,1.4952329397201538,50000.0,0.5126000046730042,2.190932512283325,10000.0,25537.73413348198,27287.93364596367,25537.73413348198,1745.726924419403,1.6626577377319336,0.0
76200,4.0853343,1.8275229,,,,,,,,,,,,,,
76300,3.8650813,1.6983386,,,,,,,,,,,,,,
76400,3.7294059,1.7006303,,,,,,,,,,,,,,
76500,3.4591744,1.697631,,,,,,,,,,,,,,
76600,3.3511012,1.7825286,,,,,,,,,,,,,,
76700,3.619694,1.675006,,,,,,,,,,,,,,
76800,3.9144893,1.8642808,,,,,,,,,,,,,,
76900,5.050903,1.6578529,,,,,,,,,,,,,,
77000,3.8592741,1.765367,,,,,,,,,,,,,,
77100,3.3699348,1.8535497,,,,,,,,,,,,,,
77200,4.2698197,1.7959535,,,,,,,,,,,,,,
77300,3.7306042,1.8026292,,,,,,,,,,,,,,
77400,4.0619144,1.8073924,,,,,,,,,,,,,,
77500,3.6803734,1.7736361,,,,,,,,,,,,,,
77600,3.726827,1.6632956,,,,,,,,,,,,,,
77700,3.6273584,1.8626786,,,,,,,,,,,,,,
77712,,,0.6914859414100647,1.2154219150543213,0.6384199857711792,1.4827040433883667,50000.0,0.5222000479698181,2.157660722732544,10000.0,26047.727277755737,27833.239847898483,26047.727277755737,1780.9420359134674,1.7043728828430176,0.0
77800,3.676887,1.7751536,,,,,,,,,,,,,,
77900,3.881067,1.8170787,,,,,,,,,,,,,,
78000,4.1320443,1.6071985,,,,,,,,,,,,,,
78100,4.067898,1.7261666,,,,,,,,,,,,,,
78200,4.042422,1.7066153,,,,,,,,,,,,,,
78300,4.041732,1.6635047,,,,,,,,,,,,,,
78400,4.416312,1.7813153,,,,,,,,,,,,,,
78500,4.1367993,1.8362542,,,,,,,,,,,,,,
78600,4.014406,1.7301582,,,,,,,,,,,,,,
78700,4.3165197,1.6164883,,,,,,,,,,,,,,
78800,4.138378,1.7389628,,,,,,,,,,,,,,
78900,3.8710313,1.7773833,,,,,,,,,,,,,,
79000,4.7372274,1.7932482,,,,,,,,,,,,,,
79100,4.450372,1.8417276,,,,,,,,,,,,,,
79200,3.6202393,1.6892433,,,,,,,,,,,,,,
79239,,,0.6877192258834839,1.2412314414978027,0.642799973487854,1.470087647438049,50000.0,0.5170000195503235,2.1749427318573,10000.0,26557.94407272339,28378.49395036697,26557.94407272339,1815.884878873825,1.7425830364227295,0.0
79300,3.6283343,1.6121615,,,,,,,,,,,,,,
79400,3.8621712,1.799667,,,,,,,,,,,,,,
79500,3.5277212,1.6250871,,,,,,,,,,,,,,
79600,3.6551378,1.7404301,,,,,,,,,,,,,,
79700,3.9812636,1.7570069,,,,,,,,,,,,,,
79800,3.9202585,1.6567385,,,,,,,,,,,,,,
79900,3.9343026,1.7068172,,,,,,,,,,,,,,
80000,3.9166763,1.6672796,,,,,,,,,,,,,,
80100,3.4253678,1.735778,,,,,,,,,,,,,,
80200,4.3687854,1.7490711,,,,,,,,,,,,,,
80300,4.3253217,1.7538254,,,,,,,,,,,,,,
80400,3.948428,1.7505367,,,,,,,,,,,,,,
80500,3.5508215,1.7235649,,,,,,,,,,,,,,
80600,3.7834084,1.796894,,,,,,,,,,,,,,
80700,4.009126,1.8155544,,,,,,,,,,,,,,
80766,,,0.714265763759613,1.102094054222107,0.6396399736404419,1.4859187602996826,50000.0,0.510200023651123,2.203461170196533,10000.0,27067.889654159542,28924.0396091938,27067.889654159542,1851.3895580768583,1.7811903953552246,0.0
80800,4.002207,1.7475111,,,,,,,,,,,,,,
80900,4.0512013,1.7602069,,,,,,,,,,,,,,
81000,3.7864828,1.8014836,,,,,,,,,,,,,,
81100,3.9593296,1.8082242,,,,,,,,,,,,,,
81200,4.390873,1.677027,,,,,,,,,,,,,,
81300,3.8936718,1.6939828,,,,,,,,,,,,,,
81400,3.865766,1.6028117,,,,,,,,,,,,,,
81500,4.2115183,1.8538032,,,,,,,,,,,,,,
81600,3.7962377,1.7098746,,,,,,,,,,,,,,
81700,3.4546642,1.7259779,,,,,,,,,,,,,,
81800,4.336367,1.7109905,,,,,,,,,,,,,,
81900,3.9659607,1.7630277,,,,,,,,,,,,,,
82000,3.7242832,1.5686,,,,,,,,,,,,,,
82100,4.243973,1.595208,,,,,,,,,,,,,,
82200,3.4919455,1.7021683,,,,,,,,,,,,,,
82292,,,0.6857063174247742,1.243589997291565,0.62117999792099,1.5610682964324951,50000.0,0.4979000091552734,2.3059935569763184,10000.0,27577.92987179756,29468.818240880966,27577.92987179756,1886.0333170890808,1.8192832469940183,0.0
82300,3.7128212,1.7560588,,,,,,,,,,,,,,
82400,4.0400505,1.7062534,,,,,,,,,,,,,,
82500,4.1899257,1.7741976,,,,,,,,,,,,,,
82600,4.0579314,1.7149888,,,,,,,,,,,,,,
82700,5.0639477,1.7390282,,,,,,,,,,,,,,
82800,4.0318775,1.8156351,,,,,,,,,,,,,,
82900,4.4382334,1.6433141,,,,,,,,,,,,,,
83000,4.5182676,1.7124903,,,,,,,,,,,,,,
83100,3.6637948,1.7190883,,,,,,,,,,,,,,
83200,4.6838765,1.7925895,,,,,,,,,,,,,,
83300,4.4473,1.6491799,,,,,,,,,,,,,,
83400,4.096213,1.6909602,,,,,,,,,,,,,,
83500,4.803823,1.7066277,,,,,,,,,,,,,,
83600,3.726951,1.7794843,,,,,,,,,,,,,,
83700,4.085232,1.7108152,,,,,,,,,,,,,,
83800,3.4777737,1.7300794,,,,,,,,,,,,,,
83819,,,0.7002550959587097,1.1772971153259275,0.6421200037002563,1.4640235900878906,50000.0,0.5207000374794006,2.172863483428955,10000.0,28088.06787753105,30013.982361078262,28088.06787753105,1920.964869737625,1.8574697971344,0.0
83900,4.265543,1.8096476,,,,,,,,,,,,,,
84000,4.226325,1.8226811,,,,,,,,,,,,,,
84100,3.5828211,1.750854,,,,,,,,,,,,,,
84200,4.1665845,1.8161507,,,,,,,,,,,,,,
84300,3.9250343,1.687409,,,,,,,,,,,,,,
84400,4.1035953,1.6416994,,,,,,,,,,,,,,
84500,4.4620366,1.6972566,,,,,,,,,,,,,,
84600,4.410706,1.6899462,,,,,,,,,,,,,,
84700,3.8311305,1.6749867,,,,,,,,,,,,,,
84800,3.6281805,1.6386195,,,,,,,,,,,,,,
84900,4.1182075,1.8258554,,,,,,,,,,,,,,
85000,4.2574205,1.7004471,,,,,,,,,,,,,,
85100,3.5816545,1.6222322,,,,,,,,,,,,,,
85200,4.168202,1.8033352,,,,,,,,,,,,,,
85300,4.3938866,1.6489313,,,,,,,,,,,,,,
85346,,,0.6977439522743225,1.1734445095062256,0.643619954586029,1.4576407670974731,50000.0,0.5265000462532043,2.12232518196106,10000.0,28598.15206360817,30560.02829384804,28598.15206360817,1956.831599235535,1.895792007446289,0.0
85400,3.6553636,1.5492128,,,,,,,,,,,,,,
85500,4.824213,1.6561255,,,,,,,,,,,,,,
85600,4.4833446,1.7271451,,,,,,,,,,,,,,
85700,4.278996,1.7143127,,,,,,,,,,,,,,
85800,4.5487947,1.780221,,,,,,,,,,,,,,
85900,4.4001474,1.7019883,,,,,,,,,,,,,,
86000,4.1478324,1.7292428,,,,,,,,,,,,,,
86100,3.817144,1.7169778,,,,,,,,,,,,,,
86200,4.4525943,1.7752085,,,,,,,,,,,,,,
86300,3.8381495,1.6005799,,,,,,,,,,,,,,
86400,3.8239167,1.7127428,,,,,,,,,,,,,,
86500,4.3689203,1.7322214,,,,,,,,,,,,,,
86600,4.067041,1.7251774,,,,,,,,,,,,,,
86700,4.4018826,1.6727239,,,,,,,,,,,,,,
86800,4.316404,1.7984948,,,,,,,,,,,,,,
86873,,,0.6905492544174194,1.215097427368164,0.6432999968528748,1.465307593345642,50000.0,0.520300030708313,2.1699059009552,10000.0,29108.140865802765,31104.65735769272,29108.140865802765,1991.376601457596,1.9348444938659668,0.0
86900,4.266725,1.6575807,,,,,,,,,,,,,,
87000,4.306212,1.78382,,,,,,,,,,,,,,
87100,4.106439,1.8641515,,,,,,,,,,,,,,
87200,3.6271596,1.6513275,,,,,,,,,,,,,,
87300,4.513286,1.7852182,,,,,,,,,,,,,,
87400,4.439159,1.7256831,,,,,,,,,,,,,,
87500,3.9632325,1.6995751,,,,,,,,,,,,,,
87600,4.4235387,1.7648692,,,,,,,,,,,,,,
87700,3.9414191,1.7136049,,,,,,,,,,,,,,
87800,4.2897964,1.6333959,,,,,,,,,,,,,,
87900,4.176431,1.728037,,,,,,,,,,,,,,
88000,3.9706256,1.5732882,,,,,,,,,,,,,,
88100,3.8894649,1.6137692,,,,,,,,,,,,,,
88200,3.874869,1.7040205,,,,,,,,,,,,,,
88300,4.042189,1.6943944,,,,,,,,,,,,,,
88400,,,0.7279775142669678,1.052688479423523,0.6484799981117249,1.4381911754608154,50000.0,0.5253000259399414,2.1419894695281982,10000.0,29618.226719856262,31650.47849631309,29618.226719856262,2027.0164024829865,1.9739909172058103,0.0
88400,3.6122708,1.6383567,,,,,,,,,,,,,,
88500,3.5966582,1.5912282,,,,,,,,,,,,,,
88600,3.8225894,1.823743,,,,,,,,,,,,,,
88700,4.030386,1.6327735,,,,,,,,,,,,,,
88800,4.2454123,1.7036778,,,,,,,,,,,,,,
88900,3.8985016,1.6526682,,,,,,,,,,,,,,
89000,4.0547247,1.7843426,,,,,,,,,,,,,,
89100,4.304129,1.7354068,,,,,,,,,,,,,,
89200,4.412088,1.7251223,,,,,,,,,,,,,,
89300,5.0984516,1.6004472,,,,,,,,,,,,,,
89400,4.373193,1.6299727,,,,,,,,,,,,,,
89500,4.102408,1.5888356,,,,,,,,,,,,,,
89600,3.8617613,1.7176214,,,,,,,,,,,,,,
89700,4.5352783,1.7879484,,,,,,,,,,,,,,
89800,4.0479507,1.6461606,,,,,,,,,,,,,,
89900,3.7228544,1.5897534,,,,,,,,,,,,,,
89927,,,0.7223572731018066,1.0702334642410278,0.6466799974441528,1.4488813877105713,50000.0,0.5205000042915344,2.140169858932495,10000.0,30128.28354907036,32196.49054336548,30128.28354907036,2062.877414941788,2.012005090713501,0.0
90000,4.0689297,1.6952115,,,,,,,,,,,,,,
90100,4.365619,1.6410295,,,,,,,,,,,,,,
90200,4.1612535,1.6604115,,,,,,,,,,,,,,
90300,3.8518567,1.5804807,,,,,,,,,,,,,,
90400,4.3056493,1.7396228,,,,,,,,,,,,,,
90500,4.775335,1.8574344,,,,,,,,,,,,,,
90600,3.9831178,1.8212876,,,,,,,,,,,,,,
90700,3.7879024,1.6491568,,,,,,,,,,,,,,
90800,4.6806655,1.6813378,,,,,,,,,,,,,,
90900,3.9820795,1.6377344,,,,,,,,,,,,,,
91000,4.0466666,1.7114941,,,,,,,,,,,,,,
91100,3.7538803,1.6976717,,,,,,,,,,,,,,
91200,4.1224194,1.5716684,,,,,,,,,,,,,,
91300,4.1625395,1.7177764,,,,,,,,,,,,,,
91400,4.222743,1.6553514,,,,,,,,,,,,,,
91454,,,0.7215999364852905,1.0792990922927856,0.660099983215332,1.392627477645874,50000.0,0.5296000242233276,2.10567593574524,10000.0,30638.247583150864,32740.97917866707,30638.247583150864,2097.306015729904,2.0509157180786133,0.0
91500,4.1070037,1.6938133,,,,,,,,,,,,,,
91600,3.8963513,1.6127285,,,,,,,,,,,,,,
91700,4.2466297,1.6381497,,,,,,,,,,,,,,
91800,4.2712617,1.6371334,,,,,,,,,,,,,,
91900,4.017191,1.652606,,,,,,,,,,,,,,
92000,3.876389,1.6260688,,,,,,,,,,,,,,
92100,4.455675,1.677136,,,,,,,,,,,,,,
92200,4.1531205,1.6642514,,,,,,,,,,,,,,
92300,3.720002,1.6047013,,,,,,,,,,,,,,
92400,5.4133782,1.5433748,,,,,,,,,,,,,,
92500,4.028506,1.5988437,,,,,,,,,,,,,,
92600,4.987281,1.6213118,,,,,,,,,,,,,,
92700,4.1342382,1.688372,,,,,,,,,,,,,,
92800,4.997764,1.81565,,,,,,,,,,,,,,
92900,4.6595626,1.6530964,,,,,,,,,,,,,,
92982,,,0.7134287357330322,1.1134692430496216,0.652239978313446,1.4320777654647827,50000.0,0.5253000259399414,2.1244454383850098,10000.0,31148.28552532196,33286.755974292755,31148.28552532196,2132.9481201171875,2.0911641120910645,0.0
93000,4.2604737,1.5994788,,,,,,,,,,,,,,
93100,4.0192842,1.6005592,,,,,,,,,,,,,,
93200,4.663906,1.7050512,,,,,,,,,,,,,,
93300,4.2851048,1.6462605,,,,,,,,,,,,,,
93400,3.538251,1.604203,,,,,,,,,,,,,,
93500,4.513266,1.7084635,,,,,,,,,,,,,,
93600,3.9143386,1.6536971,,,,,,,,,,,,,,
93700,3.9160972,1.6330636,,,,,,,,,,,,,,
93800,3.8632429,1.6450571,,,,,,,,,,,,,,
93900,4.591688,1.6337081,,,,,,,,,,,,,,
94000,4.5616164,1.7592398,,,,,,,,,,,,,,
94100,4.3832283,1.6266322,,,,,,,,,,,,,,
94200,4.755774,1.5972557,,,,,,,,,,,,,,
94300,4.448392,1.6753358,,,,,,,,,,,,,,
94400,3.8699882,1.6721913,,,,,,,,,,,,,,
94500,3.9338665,1.5529534,,,,,,,,,,,,,,
94509,,,0.7096619606018066,1.1426570415496826,0.6543999910354614,1.4121251106262207,50000.0,0.5273000001907349,2.115810871124268,10000.0,31658.46798586845,33835.03164815903,31658.46798586845,2170.9424347877502,2.1336450576782227,0.0
94600,5.0334425,1.7354147,,,,,,,,,,,,,,
94700,5.272233,1.5329812,,,,,,,,,,,,,,
94800,3.806838,1.6237756,,,,,,,,,,,,,,
94900,4.1985254,1.8191104,,,,,,,,,,,,,,
95000,4.049291,1.5452416,,,,,,,,,,,,,,
95100,4.5964823,1.6822821,,,,,,,,,,,,,,
95200,5.3387213,1.6398942,,,,,,,,,,,,,,
95300,4.1962314,1.7707785,,,,,,,,,,,,,,
95400,4.303744,1.6692704,,,,,,,,,,,,,,
95500,4.119884,1.5886328,,,,,,,,,,,,,,
95600,4.5866084,1.6348917,,,,,,,,,,,,,,
95700,4.2994905,1.6539137,,,,,,,,,,,,,,
95800,4.376898,1.6397376,,,,,,,,,,,,,,
95900,4.255955,1.5477442,,,,,,,,,,,,,,
95969,,,0.7071707248687744,1.140018343925476,0.6551399827003479,1.410677194595337,50000.0,0.5324000120162964,2.118685245513916,10000.0,32168.57145833969,34380.34850239754,32168.57145833969,2206.061205625534,2.17230486869812,0.0
96000,3.987213,1.5686641,,,,,,,,,,,,,,
96100,4.271449,1.7005123,,,,,,,,,,,,,,
96200,4.360914,1.7002249,,,,,,,,,,,,,,
96300,4.338957,1.6300528,,,,,,,,,,,,,,
96400,4.06902,1.5838255,,,,,,,,,,,,,,
96500,4.363669,1.7064445,,,,,,,,,,,,,,
96600,4.388254,1.7279439,,,,,,,,,,,,,,
96700,5.0632806,1.621081,,,,,,,,,,,,,,
96800,4.045033,1.5444219,,,,,,,,,,,,,,
96900,4.4813933,1.7096076,,,,,,,,,,,,,,
97000,4.3328657,1.694407,,,,,,,,,,,,,,
97100,3.7067258,1.571554,,,,,,,,,,,,,,
97200,4.1146855,1.5794439,,,,,,,,,,,,,,
97300,3.8792324,1.5274483,,,,,,,,,,,,,,
97400,4.229652,1.6086473,,,,,,,,,,,,,,
97496,,,0.7567960619926453,0.9163830876350404,0.6607999801635742,1.3827639818191528,50000.0,0.5331000089645386,2.1112630367279053,10000.0,32678.661694526672,34927.335798978806,32678.661694526672,2242.8584654331207,2.215081214904785,0.0
97500,4.9800525,1.6875346,,,,,,,,,,,,,,
97600,3.7949066,1.5751193,,,,,,,,,,,,,,
97700,4.1559668,1.5377665,,,,,,,,,,,,,,
97800,3.8586688,1.629887,,,,,,,,,,,,,,
97900,4.7302437,1.7555878,,,,,,,,,,,,,,
98000,4.014771,1.5299025,,,,,,,,,,,,,,
98100,4.071012,1.5148047,,,,,,,,,,,,,,
98200,4.5174356,1.6232183,,,,,,,,,,,,,,
98300,4.894721,1.5707293,,,,,,,,,,,,,,
98400,4.7186246,1.6003084,,,,,,,,,,,,,,
98500,4.684783,1.6662002,,,,,,,,,,,,,,
98600,4.7265534,1.5873171,,,,,,,,,,,,,,
98700,4.1636415,1.5453426,,,,,,,,,,,,,,
98800,4.928084,1.6871965,,,,,,,,,,,,,,
98900,4.8622227,1.576724,,,,,,,,,,,,,,
99000,4.2891316,1.5401416,,,,,,,,,,,,,,
99022,,,0.7323421239852905,1.0244921445846558,0.6637600064277649,1.381533145904541,50000.0,0.5361000299453735,2.0782806873321533,10000.0,33188.63866877556,35471.903838157654,33188.63866877556,2277.351650953293,2.256117820739746,0.0
99100,4.2913537,1.6722431,,,,,,,,,,,,,,
99200,4.226066,1.6619861,,,,,,,,,,,,,,
99300,4.126975,1.6715655,,,,,,,,,,,,,,
99400,4.24268,1.5884074,,,,,,,,,,,,,,
99500,4.087859,1.6298231,,,,,,,,,,,,,,
99600,4.203541,1.5165294,,,,,,,,,,,,,,
99700,4.81852,1.7632871,,,,,,,,,,,,,,
99800,4.2619934,1.5623766,,,,,,,,,,,,,,
99900,4.3585525,1.6020746,,,,,,,,,,,,,,
100000,3.9182887,1.5136026,,,,,,,,,,,,,,
100100,4.282259,1.6624848,,,,,,,,,,,,,,
100200,4.6343236,1.5432327,,,,,,,,,,,,,,
100300,4.792623,1.7726805,,,,,,,,,,,,,,
100400,3.9051101,1.4960355,,,,,,,,,,,,,,
100500,4.5487113,1.6966372,,,,,,,,,,,,,,
100549,,,0.7310466766357422,1.0272122621536257,0.6638599634170532,1.3638275861740112,50000.0,0.5424000024795532,2.0306499004364014,10000.0,33698.6603000164,36016.4239051342,33698.6603000164,2311.75284576416,2.296858549118042,0.0
100600,4.278262,1.5996816,,,,,,,,,,,,,,
100700,4.9717116,1.5152823,,,,,,,,,,,,,,
100800,4.174054,1.6424646,,,,,,,,,,,,,,
100900,4.7917438,1.6121397,,,,,,,,,,,,,,
101000,4.8537173,1.6201323,,,,,,,,,,,,,,
101100,4.177201,1.630458,,,,,,,,,,,,,,
101200,4.195822,1.4993336,,,,,,,,,,,,,,
101300,3.9606268,1.4633555,,,,,,,,,,,,,,
101400,5.0891514,1.4682863,,,,,,,,,,,,,,
101500,4.129839,1.698322,,,,,,,,,,,,,,
101600,4.3914375,1.5323685,,,,,,,,,,,,,,
101700,4.926158,1.6142282,,,,,,,,,,,,,,
101800,5.1324453,1.7043965,,,,,,,,,,,,,,
101900,4.483082,1.5436167,,,,,,,,,,,,,,
102000,4.6266623,1.5456761,,,,,,,,,,,,,,
102076,,,0.7257055044174194,1.0553478002548218,0.664359986782074,1.3701977729797363,50000.0,0.5422000288963318,2.0550098419189453,10000.0,34208.742067575455,36561.18952345848,34208.742067575455,2346.340369462967,2.3368289470672607,0.0
102100,4.195365,1.6549072,,,,,,,,,,,,,,
102200,4.2523346,1.5447507,,,,,,,,,,,,,,
102300,4.929805,1.7304609,,,,,,,,,,,,,,
102400,4.67769,1.6632746,,,,,,,,,,,,,,
102500,4.1304965,1.5296695,,,,,,,,,,,,,,
102600,4.3647213,1.483827,,,,,,,,,,,,,,
102700,4.271747,1.6225454,,,,,,,,,,,,,,
102800,4.4530034,1.6709961,,,,,,,,,,,,,,
102900,4.4899087,1.575852,,,,,,,,,,,,,,
103000,4.256479,1.5596883,,,,,,,,,,,,,,
103100,4.5839458,1.6049236,,,,,,,,,,,,,,
103200,4.429595,1.5824225,,,,,,,,,,,,,,
103300,5.201599,1.5848899,,,,,,,,,,,,,,
103400,4.146549,1.5411679,,,,,,,,,,,,,,
103500,4.2654696,1.6075212,,,,,,,,,,,,,,
103600,4.8122945,1.5719028,,,,,,,,,,,,,,
103603,,,0.7267617583274841,1.0519579648971558,0.6652399897575378,1.3519386053085327,50000.0,0.541700005531311,2.054452657699585,10000.0,34718.8452501297,37104.19422197342,34718.8452501297,2379.14456820488,2.377492427825928,0.0
103700,4.43023,1.5343909,,,,,,,,,,,,,,
103800,4.35703,1.5028007,,,,,,,,,,,,,,
103900,4.7049594,1.4345236,,,,,,,,,,,,,,
104000,4.458572,1.6198629,,,,,,,,,,,,,,
104100,4.605251,1.5711701,,,,,,,,,,,,,,
104200,4.8625283,1.617229,,,,,,,,,,,,,,
104300,4.018555,1.6104909,,,,,,,,,,,,,,
104400,4.64152,1.6009465,,,,,,,,,,,,,,
104500,4.4302897,1.6186543,,,,,,,,,,,,,,
104600,4.7760897,1.5983794,,,,,,,,,,,,,,
104700,4.8853707,1.5702391,,,,,,,,,,,,,,
104800,4.6055775,1.6351935,,,,,,,,,,,,,,
104900,4.5421295,1.5332036,,,,,,,,,,,,,,
105000,4.7622786,1.5775983,,,,,,,,,,,,,,
105100,4.7476006,1.5589105,,,,,,,,,,,,,,
105130,,,0.7293925285339355,1.0435092449188232,0.6714000105857849,1.333000898361206,50000.0,0.5475000143051147,2.027691602706909,10000.0,35229.05358672142,37646.56192398071,35229.05358672142,2411.2067580223083,2.4177041053771973,0.0
105200,5.3410807,1.540258,,,,,,,,,,,,,,
105300,4.344353,1.5234293,,,,,,,,,,,,,,
105400,4.5083456,1.6081119,,,,,,,,,,,,,,
105500,4.7173204,1.5404192,,,,,,,,,,,,,,
105600,4.9636536,1.5495126,,,,,,,,,,,,,,
105700,4.470463,1.5126967,,,,,,,,,,,,,,
105800,4.9775395,1.6566314,,,,,,,,,,,,,,
105900,4.6329875,1.59868,,,,,,,,,,,,,,
106000,4.517166,1.6421789,,,,,,,,,,,,,,
106100,4.7753153,1.5692332,,,,,,,,,,,,,,
106200,4.7220798,1.5202918,,,,,,,,,,,,,,
106300,4.548995,1.5360546,,,,,,,,,,,,,,
106400,4.2399993,1.5340968,,,,,,,,,,,,,,
106500,4.7218137,1.4756417,,,,,,,,,,,,,,
106600,5.0192184,1.5395864,,,,,,,,,,,,,,
106657,,,0.7579121589660645,0.9281454086303712,0.6689199805259705,1.3416193723678589,50000.0,0.5439000129699707,2.0318033695220947,10000.0,35739.13975858688,38190.233550310135,35739.13975858688,2444.6947708129883,2.45752215385437,0.0
106700,4.32782,1.5574081,,,,,,,,,,,,,,
106800,4.2854514,1.5759428,,,,,,,,,,,,,,
106900,5.4816084,1.5640903,,,,,,,,,,,,,,
107000,4.4931974,1.5607116,,,,,,,,,,,,,,
107100,4.6404853,1.4716043,,,,,,,,,,,,,,
107200,4.625406,1.6746289,,,,,,,,,,,,,,
107300,5.514299,1.6246824,,,,,,,,,,,,,,
107400,4.65368,1.5748329,,,,,,,,,,,,,,
107500,4.6833377,1.6144502,,,,,,,,,,,,,,
107600,4.722899,1.6176733,,,,,,,,,,,,,,
107700,4.828886,1.6050627,,,,,,,,,,,,,,
107800,5.0251822,1.5169666,,,,,,,,,,,,,,
107900,4.3869348,1.42663,,,,,,,,,,,,,,
108000,4.6179442,1.5818735,,,,,,,,,,,,,,
108100,5.1983027,1.5335344,,,,,,,,,,,,,,
108184,,,0.7420280575752258,0.9825310111045836,0.6710000038146973,1.3320223093032837,50000.0,0.5425000190734863,2.031024217605591,10000.0,36249.175325632095,38732.89336800575,36249.175325632095,2477.2162914276123,2.502646923065185,0.0
108200,4.931912,1.6097145,,,,,,,,,,,,,,
108300,5.1194773,1.5285295,,,,,,,,,,,,,,
108400,4.7490363,1.5180926,,,,,,,,,,,,,,
108500,4.387824,1.6006093,,,,,,,,,,,,,,
108600,4.5878496,1.533344,,,,,,,,,,,,,,
108700,4.844822,1.4604743,,,,,,,,,,,,,,
108800,4.5967984,1.4346842,,,,,,,,,,,,,,
108900,4.655175,1.6219379,,,,,,,,,,,,,,
109000,4.5239677,1.3963821,,,,,,,,,,,,,,
109100,4.520793,1.5477862,,,,,,,,,,,,,,
109200,4.67204,1.4419748,,,,,,,,,,,,,,
109300,4.5293713,1.5201592,,,,,,,,,,,,,,
109400,4.7357683,1.6279858,,,,,,,,,,,,,,
109500,5.0311737,1.5050459,,,,,,,,,,,,,,
109600,5.330239,1.5345289,,,,,,,,,,,,,,
109700,4.707895,1.5642025,,,,,,,,,,,,,,
109711,,,0.7374441623687744,1.0003966093063354,0.6712799668312073,1.3270117044448853,50000.0,0.5491999983787537,2.0277345180511475,10000.0,36759.37489318848,39275.44398188591,36759.37489318848,2509.466600894928,2.546589136123657,0.0
109800,4.9821787,1.5122869,,,,,,,,,,,,,,
109900,4.273676,1.6246595,,,,,,,,,,,,,,
110000,4.7391696,1.410198,,,,,,,,,,,,,,
110100,4.3761773,1.495889,,,,,,,,,,,,,,
110200,4.370028,1.5061303,,,,,,,,,,,,,,
110300,4.532058,1.5153172,,,,,,,,,,,,,,
110400,4.5375404,1.4752228,,,,,,,,,,,,,,
110500,5.3111763,1.516083,,,,,,,,,,,,,,
110600,4.9877934,1.4079275,,,,,,,,,,,,,,
110700,4.483102,1.4908118,,,,,,,,,,,,,,
110800,4.570223,1.3986926,,,,,,,,,,,,,,
110900,4.516974,1.5820757,,,,,,,,,,,,,,
111000,4.7748876,1.5084847,,,,,,,,,,,,,,
111100,5.1748805,1.5094435,,,,,,,,,,,,,,
111200,4.6815295,1.3995956,,,,,,,,,,,,,,
111238,,,0.7400749325752258,0.9913500547409058,0.6773599982261658,1.309681415557861,50000.0,0.5551000237464905,2.0049638748168945,10000.0,37269.55630517006,39819.76567220688,37269.55630517006,2543.5092010498047,2.5873615741729736,0.0
111300,4.866228,1.4772407,,,,,,,,,,,,,,
111400,4.6855793,1.5675695,,,,,,,,,,,,,,
111500,4.6134048,1.564901,,,,,,,,,,,,,,
111600,4.4651775,1.5458385,,,,,,,,,,,,,,
111700,4.660313,1.5815703,,,,,,,,,,,,,,
111800,4.588557,1.4870721,,,,,,,,,,,,,,
111900,5.076176,1.5609909,,,,,,,,,,,,,,
112000,4.649057,1.4975077,,,,,,,,,,,,,,
112100,4.7436066,1.4943495,,,,,,,,,,,,,,
112200,4.5597014,1.5192155,,,,,,,,,,,,,,
112300,4.655594,1.4498947,,,,,,,,,,,,,,
112400,4.6491055,1.5413775,,,,,,,,,,,,,,
112500,4.903431,1.5068274,,,,,,,,,,,,,,
112600,4.5425525,1.5147289,,,,,,,,,,,,,,
112700,4.5191164,1.412409,,,,,,,,,,,,,,
112764,,,0.7430046200752258,0.9795891642570496,0.6784999966621399,1.301466464996338,50000.0,0.558899998664856,1.9711147546768188,10000.0,37779.46153783798,40363.31137371063,37779.46153783798,2577.047464132309,2.633373975753784,0.0
112800,4.707749,1.5087138,,,,,,,,,,,,,,
112900,4.4560957,1.5610356,,,,,,,,,,,,,,
113000,5.3879623,1.5442636,,,,,,,,,,,,,,
113100,4.480532,1.3991032,,,,,,,,,,,,,,
113200,4.7198825,1.4618683,,,,,,,,,,,,,,
113300,4.2561345,1.4156492,,,,,,,,,,,,,,
113400,5.430394,1.4468837,,,,,,,,,,,,,,
113500,5.3232293,1.4447916,,,,,,,,,,,,,,
113600,4.5720396,1.5477791,,,,,,,,,,,,,,
113700,4.4667373,1.4093084,,,,,,,,,,,,,,
113800,4.9156976,1.549542,,,,,,,,,,,,,,
113900,4.87643,1.5057669,,,,,,,,,,,,,,
114000,5.079225,1.4439447,,,,,,,,,,,,,,
114100,4.8278065,1.4918156,,,,,,,,,,,,,,
114200,4.9698095,1.5195267,,,,,,,,,,,,,,
114291,,,0.7853356003761292,0.8068100810050964,0.6829000115394592,1.2844182252883911,50000.0,0.5606000423431396,1.9565030336380005,10000.0,38289.37325143814,40908.37890982628,38289.37325143814,2612.103744506836,2.676629066467285,0.0
114300,4.664112,1.5957478,,,,,,,,,,,,,,
114400,4.8420424,1.4333515,,,,,,,,,,,,,,
114500,5.0406575,1.496978,,,,,,,,,,,,,,
114600,4.4344816,1.5006642,,,,,,,,,,,,,,
114700,5.450227,1.4973247,,,,,,,,,,,,,,
114800,5.4014688,1.6235616,,,,,,,,,,,,,,
114900,5.083988,1.5247929,,,,,,,,,,,,,,
115000,5.2606997,1.522874,,,,,,,,,,,,,,
115100,4.524938,1.4981521,,,,,,,,,,,,,,
115200,4.896846,1.600378,,,,,,,,,,,,,,
115300,4.5728965,1.4024081,,,,,,,,,,,,,,
115400,4.3335886,1.5319167,,,,,,,,,,,,,,
115500,4.923413,1.5560071,,,,,,,,,,,,,,
115600,5.0620365,1.5713317,,,,,,,,,,,,,,
115700,5.3126183,1.477299,,,,,,,,,,,,,,
115800,4.695412,1.4838456,,,,,,,,,,,,,,
115818,,,0.7608418464660645,0.9024927616119384,0.680899977684021,1.2920271158218384,50000.0,0.5613000392913818,1.9761333465576167,10000.0,38799.36625957489,41454.11394119263,38799.36625957489,2647.742838859558,2.7229907512664795,0.0
115900,4.996975,1.4599003,,,,,,,,,,,,,,
116000,4.925583,1.4075489,,,,,,,,,,,,,,
116100,5.155151,1.5181882,,,,,,,,,,,,,,
116200,4.9826274,1.4615014,,,,,,,,,,,,,,
116300,5.207347,1.3625298,,,,,,,,,,,,,,
116400,5.1281753,1.5360227,,,,,,,,,,,,,,
116500,5.307341,1.4680088,,,,,,,,,,,,,,
116600,4.7909822,1.4800097,,,,,,,,,,,,,,
116700,5.2538147,1.4639829,,,,,,,,,,,,,,
116800,5.1522484,1.5545343,,,,,,,,,,,,,,
116900,5.6222625,1.5314004,,,,,,,,,,,,,,
117000,4.6661115,1.3991693,,,,,,,,,,,,,,
117100,5.676912,1.416302,,,,,,,,,,,,,,
117200,4.509885,1.4335874,,,,,,,,,,,,,,
117300,5.239625,1.4604554,,,,,,,,,,,,,,
117345,,,0.7611806392669678,0.8976410031318665,0.6836199760437012,1.2797905206680298,50000.0,0.5590000152587891,1.968185782432556,10000.0,39309.5489859581,41997.51409196854,39309.5489859581,2680.8622052669525,2.764778614044189,0.0
117400,5.4937553,1.4091654,,,,,,,,,,,,,,
117500,5.468546,1.5533426,,,,,,,,,,,,,,
117600,5.4498377,1.4787793,,,,,,,,,,,,,,
117700,4.8843627,1.4455321,,,,,,,,,,,,,,
117800,5.868707,1.5727935,,,,,,,,,,,,,,
117900,4.9179306,1.4210291,,,,,,,,,,,,,,
118000,4.8158236,1.4866647,,,,,,,,,,,,,,
118100,5.72376,1.4744592,,,,,,,,,,,,,,
118200,4.773829,1.4542801,,,,,,,,,,,,,,
118300,4.9871917,1.5222194,,,,,,,,,,,,,,
118400,5.563154,1.488535,,,,,,,,,,,,,,
118500,4.5927167,1.3606818,,,,,,,,,,,,,,
118600,5.18866,1.4760717,,,,,,,,,,,,,,
118700,5.2761827,1.3513488,,,,,,,,,,,,,,
118800,5.0719438,1.4940429,,,,,,,,,,,,,,
118872,,,0.7605627775192261,0.9014270305633544,0.6923199892044067,1.239554762840271,50000.0,0.5630000233650208,1.93869423866272,10000.0,39819.7161488533,42542.71043515205,39819.7161488533,2715.789302110672,2.810117721557617,0.0
118900,5.031606,1.3759314,,,,,,,,,,,,,,
119000,4.8647985,1.5044545,,,,,,,,,,,,,,
119100,5.2861423,1.4874413,,,,,,,,,,,,,,
119200,4.86254,1.3767942,,,,,,,,,,,,,,
119300,5.1634717,1.5214436,,,,,,,,,,,,,,
119400,6.0957785,1.4860791,,,,,,,,,,,,,,
119500,4.5479765,1.339638,,,,,,,,,,,,,,
119600,5.0124955,1.4770775,,,,,,,,,,,,,,
119700,5.14653,1.4141916,,,,,,,,,,,,,,
119800,4.9448676,1.5174644,,,,,,,,,,,,,,
119900,4.8821883,1.3839704,,,,,,,,,,,,,,
120000,5.271613,1.4674634,,,,,,,,,,,,,,
120100,5.143454,1.5295936,,,,,,,,,,,,,,
120200,4.8147216,1.4954756,,,,,,,,,,,,,,
120300,4.782967,1.4855015,,,,,,,,,,,,,,
120399,,,0.7613201141357422,0.9041748642921448,0.6898999810218811,1.2514324188232422,50000.0,0.5693000555038452,1.915086269378662,10000.0,40329.89516448975,43088.22717356682,40329.89516448975,2751.0242438316345,2.855937957763672,0.0
120400,6.0836883,1.4111991,,,,,,,,,,,,,,
120500,5.4436145,1.4021881,,,,,,,,,,,,,,
120600,4.9297814,1.5206046,,,,,,,,,,,,,,
120700,4.882881,1.3991032,,,,,,,,,,,,,,
120800,5.210101,1.41391,,,,,,,,,,,,,,
120900,5.329532,1.3909883,,,,,,,,,,,,,,
121000,5.684138,1.5151565,,,,,,,,,,,,,,
121100,5.1888876,1.439189,,,,,,,,,,,,,,
121200,5.6866965,1.5051537,,,,,,,,,,,,,,
121300,4.982705,1.4156249,,,,,,,,,,,,,,
121400,5.2492313,1.359003,,,,,,,,,,,,,,
121500,5.29517,1.4013445,,,,,,,,,,,,,,
121600,5.650871,1.4193504,,,,,,,,,,,,,,
121700,5.775435,1.4355415,,,,,,,,,,,,,,
121800,5.915065,1.4527678,,,,,,,,,,,,,,
121900,5.64922,1.4634802,,,,,,,,,,,,,,
121926,,,0.7655652165412903,0.8809944987297058,0.6956599950790405,1.2213444709777832,50000.0,0.5662000179290771,1.9080888032913208,10000.0,40840.059467077255,43633.80152249336,40840.059467077255,2786.3338055610657,2.8993940353393555,0.0
122000,5.2555165,1.3620667,,,,,,,,,,,,,,
122100,5.0831614,1.3998079,,,,,,,,,,,,,,
122200,5.13066,1.4814377,,,,,,,,,,,,,,
122300,5.2386518,1.3948861,,,,,,,,,,,,,,
122400,5.281115,1.426423,,,,,,,,,,,,,,
122500,5.1537066,1.3959044,,,,,,,,,,,,,,
122600,5.4511538,1.3218824,,,,,,,,,,,,,,
122700,5.3276787,1.5183307,,,,,,,,,,,,,,
122800,5.205436,1.3593539,,,,,,,,,,,,,,
122900,5.316265,1.2731085,,,,,,,,,,,,,,
123000,4.874045,1.4711211,,,,,,,,,,,,,,
123100,4.845139,1.4270257,,,,,,,,,,,,,,
123200,4.9089484,1.3583614,,,,,,,,,,,,,,
123300,5.234109,1.414638,,,,,,,,,,,,,,
123400,5.3360662,1.4645709,,,,,,,,,,,,,,
123453,,,0.7932078838348389,0.7651123404502869,0.6955199837684631,1.227661371231079,50000.0,0.5715000033378601,1.928555130958557,10000.0,41350.164142370224,44177.376928567886,41350.164142370224,2819.705149173737,2.9420199394226074,0.0
123500,4.7932167,1.3779211,,,,,,,,,,,,,,
123600,5.0452914,1.3684446,,,,,,,,,,,,,,
123700,5.16387,1.4245982,,,,,,,,,,,,,,
123800,5.062427,1.3764958,,,,,,,,,,,,,,
123900,5.4059634,1.4256039,,,,,,,,,,,,,,
124000,5.104791,1.4303029,,,,,,,,,,,,,,
124100,5.136294,1.5142543,,,,,,,,,,,,,,
124200,5.4453964,1.2962024,,,,,,,,,,,,,,
124300,5.3648324,1.3924415,,,,,,,,,,,,,,
124400,5.2136855,1.3036183,,,,,,,,,,,,,,
124500,6.0535374,1.4713072,,,,,,,,,,,,,,
124600,5.0443015,1.3332038,,,,,,,,,,,,,,
124700,5.555186,1.4092796,,,,,,,,,,,,,,
124800,5.5427375,1.4357436,,,,,,,,,,,,,,
124900,5.627371,1.4100554,,,,,,,,,,,,,,
124979,,,0.7794762253761292,0.8295964598655701,0.6969199776649475,1.2168011665344238,50000.0,0.5759000182151794,1.871976852416992,10000.0,41860.21155786514,44723.043286561966,41860.21155786514,2855.220517873764,2.989299774169922,0.0
125000,5.4300294,1.4177809,,,,,,,,,,,,,,
125100,5.743254,1.405206,,,,,,,,,,,,,,
125200,5.507235,1.3922042,,,,,,,,,,,,,,
125300,5.524994,1.3431964,,,,,,,,,,,,,,
125400,5.340879,1.3423852,,,,,,,,,,,,,,
125500,5.154788,1.3585114,,,,,,,,,,,,,,
125600,5.364776,1.263944,,,,,,,,,,,,,,
125700,5.4218984,1.3660868,,,,,,,,,,,,,,
125800,5.2863398,1.4825325,,,,,,,,,,,,,,
125900,5.110842,1.3672007,,,,,,,,,,,,,,
126000,6.4273777,1.3675079,,,,,,,,,,,,,,
126100,5.897269,1.3755,,,,,,,,,,,,,,
126200,5.7494864,1.3860912,,,,,,,,,,,,,,
126300,5.274065,1.3624879,,,,,,,,,,,,,,
126400,5.3990245,1.2749156,,,,,,,,,,,,,,
126500,5.2111835,1.4864213,,,,,,,,,,,,,,
126506,,,0.7786192297935486,0.8258870244026184,0.6977599859237671,1.2113282680511477,50000.0,0.5663000345230103,1.9134948253631592,10000.0,42370.2759706974,45267.68809270859,42370.2759706974,2889.7003784179688,3.033321142196656,0.0
126600,4.9959145,1.3557447,,,,,,,,,,,,,,
126700,5.1777487,1.3653104,,,,,,,,,,,,,,
126800,6.0916743,1.4735775,,,,,,,,,,,,,,
126900,5.588711,1.296312,,,,,,,,,,,,,,
127000,5.675021,1.3748993,,,,,,,,,,,,,,
127100,5.0004196,1.2518344,,,,,,,,,,,,,,
127200,5.8685937,1.4569415,,,,,,,,,,,,,,
127300,4.999825,1.3047512,,,,,,,,,,,,,,
127400,5.8911457,1.3684396,,,,,,,,,,,,,,
127500,5.557022,1.4346098,,,,,,,,,,,,,,
127600,5.9273205,1.3767799,,,,,,,,,,,,,,
127700,5.2030287,1.3705645,,,,,,,,,,,,,,
127800,5.9716578,1.3731824,,,,,,,,,,,,,,
127900,5.183944,1.3279952,,,,,,,,,,,,,,
128000,5.4329624,1.3662099,,,,,,,,,,,,,,
128032,,,0.7785195708274841,0.8191131949424744,0.7019999623298645,1.1969759464263916,50000.0,0.5812000036239624,1.8696669340133667,10000.0,42880.190801143646,45812.79763436317,42880.190801143646,2924.7945322990417,3.076941967010498,0.0
128100,5.4574857,1.3591942,,,,,,,,,,,,,,
128200,6.1848197,1.3427202,,,,,,,,,,,,,,
128300,5.328446,1.2823386,,,,,,,,,,,,,,
128400,5.163548,1.3359551,,,,,,,,,,,,,,
128500,5.7729,1.4141047,,,,,,,,,,,,,,
128600,5.584695,1.3364707,,,,,,,,,,,,,,
128700,5.181136,1.2752537,,,,,,,,,,,,,,
128800,5.625246,1.357064,,,,,,,,,,,,,,
128900,4.994125,1.3348914,,,,,,,,,,,,,,
129000,5.47969,1.3192792,,,,,,,,,,,,,,
129100,5.6314397,1.3237091,,,,,,,,,,,,,,
129200,5.834783,1.2864004,,,,,,,,,,,,,,
129300,5.7643957,1.3922224,,,,,,,,,,,,,,
129400,5.802674,1.3820312,,,,,,,,,,,,,,
129500,5.7182326,1.3759806,,,,,,,,,,,,,,
129559,,,0.7846181392669678,0.8058815002441406,0.7075200080871582,1.1764060258865356,50000.0,0.5851000547409058,1.8476301431655884,10000.0,43390.19907808304,46358.44161343575,43390.19907808304,2960.328434228897,3.121798276901245,0.0
129600,5.375196,1.3086448,,,,,,,,,,,,,,
129700,4.9864445,1.2310636,,,,,,,,,,,,,,
129800,5.1057053,1.1401455,,,,,,,,,,,,,,
129900,6.152719,1.3640366,,,,,,,,,,,,,,
130000,5.6983113,1.2773514,,,,,,,,,,,,,,
130100,5.8503327,1.4774282,,,,,,,,,,,,,,
130200,6.0040507,1.4006763,,,,,,,,,,,,,,
130300,5.5398417,1.3235406,,,,,,,,,,,,,,
130400,5.1986976,1.3037281,,,,,,,,,,,,,,
130500,5.4865856,1.3579955,,,,,,,,,,,,,,
130600,5.9034104,1.3446138,,,,,,,,,,,,,,
130700,5.798684,1.4402037,,,,,,,,,,,,,,
130800,6.3070097,1.3914585,,,,,,,,,,,,,,
130900,5.4414535,1.331704,,,,,,,,,,,,,,
131000,6.155173,1.3928056,,,,,,,,,,,,,,
131086,,,0.8134366869926453,0.690123975276947,0.7024999856948853,1.1988258361816406,50000.0,0.5748000144958496,1.879279375076294,10000.0,43900.15681385994,46905.38730716705,43900.15681385994,2997.212781190872,3.1688358783721924,0.0
131100,5.7110343,1.356919,,,,,,,,,,,,,,
131200,6.149316,1.2833284,,,,,,,,,,,,,,
131300,5.098588,1.2709779,,,,,,,,,,,,,,
131400,5.2797256,1.3047571,,,,,,,,,,,,,,
131500,6.470205,1.3996471,,,,,,,,,,,,,,
131600,5.679145,1.3909738,,,,,,,,,,,,,,
131700,5.927525,1.242732,,,,,,,,,,,,,,
131800,5.7165723,1.3877476,,,,,,,,,,,,,,
131900,6.396939,1.3452933,,,,,,,,,,,,,,
132000,6.5661507,1.410799,,,,,,,,,,,,,,
132100,6.745809,1.33815,,,,,,,,,,,,,,
132200,6.3345885,1.333951,,,,,,,,,,,,,,
132300,5.50742,1.2957957,,,,,,,,,,,,,,
132400,5.490976,1.19183,,,,,,,,,,,,,,
132500,5.925243,1.3317997,,,,,,,,,,,,,,
132600,5.2306204,1.2781466,,,,,,,,,,,,,,
132613,,,0.8057238459587097,0.726904034614563,0.7087799906730652,1.17065167427063,50000.0,0.5806000232696533,1.8718284368515008,10000.0,44410.210151195526,47449.35473895073,44410.210151195526,3031.023859739304,3.2155985832214355,0.0
132700,5.4243646,1.2723918,,,,,,,,,,,,,,
132800,6.0072613,1.3392099,,,,,,,,,,,,,,
132900,5.9384837,1.2314696,,,,,,,,,,,,,,
133000,5.46734,1.2492888,,,,,,,,,,,,,,
133100,5.49158,1.2091167,,,,,,,,,,,,,,
133200,5.963788,1.2649884,,,,,,,,,,,,,,
133300,5.9215293,1.3298242,,,,,,,,,,,,,,
133400,5.631968,1.259105,,,,,,,,,,,,,,
133500,6.0420403,1.3385081,,,,,,,,,,,,,,
133600,5.5499167,1.3219384,,,,,,,,,,,,,,
133700,5.6928077,1.3107743,,,,,,,,,,,,,,
133800,6.8660254,1.2026726,,,,,,,,,,,,,,
133900,5.5044155,1.2007741,,,,,,,,,,,,,,
134000,6.0612864,1.2578529,,,,,,,,,,,,,,
134100,6.171132,1.2808511,,,,,,,,,,,,,,
134139,,,0.8012794852256775,0.7356730103492737,0.7103399634361267,1.1627440452575684,50000.0,0.5842000246047974,1.8488067388534544,10000.0,44920.12524867058,47995.39981555939,44920.12524867058,3067.05130982399,3.261403560638428,0.0
134200,6.297794,1.3643793,,,,,,,,,,,,,,
134300,5.9943542,1.2383156,,,,,,,,,,,,,,
134400,5.8334866,1.3305721,,,,,,,,,,,,,,
134500,5.7157025,1.3018895,,,,,,,,,,,,,,
134600,6.0615206,1.3285285,,,,,,,,,,,,,,
134700,5.2410884,1.2627807,,,,,,,,,,,,,,
134800,5.6161337,1.2385643,,,,,,,,,,,,,,
134900,5.830003,1.2783929,,,,,,,,,,,,,,
135000,5.7851963,1.1527793,,,,,,,,,,,,,,
135100,6.0466857,1.2753142,,,,,,,,,,,,,,
135200,6.2127743,1.3135288,,,,,,,,,,,,,,
135300,6.0786734,1.3095567,,,,,,,,,,,,,,
135400,6.294187,1.3521538,,,,,,,,,,,,,,
135500,5.810115,1.236145,,,,,,,,,,,,,,
135600,5.738041,1.2435465,,,,,,,,,,,,,,
135665,,,0.7999242544174194,0.7357684373855591,0.7111200094223022,1.159941792488098,50000.0,0.5874000191688538,1.838915467262268,10000.0,45430.04649353027,48540.77387642861,45430.04649353027,3102.402158498764,3.306934833526612,0.0
135700,5.8533773,1.2893194,,,,,,,,,,,,,,
135800,6.1816072,1.195468,,,,,,,,,,,,,,
135900,6.237236,1.3050021,,,,,,,,,,,,,,
136000,5.9682865,1.2845762,,,,,,,,,,,,,,
136100,6.5168076,1.4008741,,,,,,,,,,,,,,
136200,5.8328505,1.268661,,,,,,,,,,,,,,
136300,6.668993,1.2518624,,,,,,,,,,,,,,
136400,6.2776136,1.312884,,,,,,,,,,,,,,
136500,5.7955875,1.272035,,,,,,,,,,,,,,
136600,6.135419,1.1440345,,,,,,,,,,,,,,
136700,5.9443874,1.1213586,,,,,,,,,,,,,,
136800,5.966435,1.2407603,,,,,,,,,,,,,,
136900,5.758041,1.20264,,,,,,,,,,,,,,
137000,6.1783466,1.1207514,,,,,,,,,,,,,,
137100,6.9689465,1.2772099,,,,,,,,,,,,,,
137192,,,0.807059109210968,0.7145491242408752,0.7184399962425232,1.1240880489349363,50000.0,0.5955000519752502,1.7902512550354004,10000.0,45940.138966321945,49086.19482946396,45940.138966321945,3137.6283984184265,3.352880477905273,0.0
137200,5.819446,1.1369846,,,,,,,,,,,,,,
137300,6.1030974,1.2020979,,,,,,,,,,,,,,
137400,6.004362,1.1382358,,,,,,,,,,,,,,
137500,5.6914096,1.169637,,,,,,,,,,,,,,
137600,6.141863,1.2374989,,,,,,,,,,,,,,
137700,6.106132,1.2645435,,,,,,,,,,,,,,
137800,6.1729994,1.3855345,,,,,,,,,,,,,,
137900,6.095925,1.2607185,,,,,,,,,,,,,,
138000,6.109817,1.2700938,,,,,,,,,,,,,,
138100,6.994866,1.248912,,,,,,,,,,,,,,
138200,6.110966,1.2026114,,,,,,,,,,,,,,
138300,6.767055,1.2875849,,,,,,,,,,,,,,
138400,6.552186,1.3183788,,,,,,,,,,,,,,
138500,6.0713487,1.1503104,,,,,,,,,,,,,,
138600,6.1692543,1.3175118,,,,,,,,,,,,,,
138700,6.0561824,1.1608989,,,,,,,,,,,,,,
138719,,,0.8010004758834839,0.7400482892990112,0.7158399820327759,1.1411278247833252,50000.0,0.5937000513076782,1.81807279586792,10000.0,46450.31859254837,49631.13532352448,46450.31859254837,3172.2867045402527,3.398817539215088,0.0
138800,6.0188117,1.213395,,,,,,,,,,,,,,
138900,6.1686583,1.2341372,,,,,,,,,,,,,,
139000,6.7947154,1.277485,,,,,,,,,,,,,,
139100,5.942825,1.3080238,,,,,,,,,,,,,,
139200,5.9499354,1.2065731,,,,,,,,,,,,,,
139300,6.097497,1.1083515,,,,,,,,,,,,,,
139400,6.6557302,1.3587333,,,,,,,,,,,,,,
139500,6.0884995,1.1836388,,,,,,,,,,,,,,
139600,6.84049,1.2706037,,,,,,,,,,,,,,
139700,6.028811,1.2706075,,,,,,,,,,,,,,
139800,6.48509,1.3351922,,,,,,,,,,,,,,
139900,6.2977443,1.2543899,,,,,,,,,,,,,,
140000,6.5125036,1.2790456,,,,,,,,,,,,,,
140100,5.8966665,1.1919491,,,,,,,,,,,,,,
140200,6.0226493,1.1285481,,,,,,,,,,,,,,
140246,,,0.8425342440605164,0.5703859329223633,0.7280600070953369,1.0925027132034302,50000.0,0.6012000441551208,1.7755658626556396,10000.0,46960.53477692604,50178.661784887314,46960.53477692604,3209.489722728729,3.448948860168457,0.0
140300,6.0196548,1.2436656,,,,,,,,,,,,,,
140400,6.660131,1.2399364,,,,,,,,,,,,,,
140500,6.7096267,1.170837,,,,,,,,,,,,,,
140600,6.0210495,1.2223533,,,,,,,,,,,,,,
140700,6.4624643,1.1311452,,,,,,,,,,,,,,
140800,6.6837096,1.3430389,,,,,,,,,,,,,,
140900,6.4302297,1.2239459,,,,,,,,,,,,,,
141000,6.9312053,1.2351147,,,,,,,,,,,,,,
141100,6.806329,1.2360699,,,,,,,,,,,,,,
141200,6.734431,1.3790457,,,,,,,,,,,,,,
141300,6.461154,1.2210597,,,,,,,,,,,,,,
141400,6.5240164,1.2955846,,,,,,,,,,,,,,
141500,6.4339848,1.1736071,,,,,,,,,,,,,,
141600,6.576051,1.1918083,,,,,,,,,,,,,,
141700,5.8263817,1.2019461,,,,,,,,,,,,,,
141773,,,0.823640763759613,0.6383230686187744,0.7188400030136108,1.1203616857528689,50000.0,0.5996000170707703,1.789597511291504,10000.0,47470.47363901138,50724.92201209068,47470.47363901138,3245.7057690620422,3.497816324234009,0.0
141800,6.4252295,1.2071176,,,,,,,,,,,,,,
141900,6.272549,1.1951791,,,,,,,,,,,,,,
142000,6.467832,1.1640986,,,,,,,,,,,,,,
142100,6.5291204,1.2490413,,,,,,,,,,,,,,
142200,6.702116,1.1813953,,,,,,,,,,,,,,
142300,6.5310826,1.1821296,,,,,,,,,,,,,,
142400,6.0558243,1.1667079,,,,,,,,,,,,,,
142500,7.001304,1.2616794,,,,,,,,,,,,,,
142600,6.3346634,1.1292458,,,,,,,,,,,,,,
142700,6.4256625,1.1342385,,,,,,,,,,,,,,
142800,6.7686577,1.1269883,,,,,,,,,,,,,,
142900,5.9617186,1.1152649,,,,,,,,,,,,,,
143000,6.135988,1.1894847,,,,,,,,,,,,,,
143100,6.589037,1.2109331,,,,,,,,,,,,,,
143200,6.4890103,1.1446038,,,,,,,,,,,,,,
143299,,,0.8269889950752258,0.6268097162246704,0.725879967212677,1.099376559257507,50000.0,0.5990000367164612,1.782253980636597,10000.0,47980.47105026245,51269.760511636734,47980.47105026245,3280.44398021698,3.543896198272705,0.0
143300,6.012145,1.1163377,,,,,,,,,,,,,,
143400,6.521767,1.1907914,,,,,,,,,,,,,,
143500,6.4410205,1.09663,,,,,,,,,,,,,,
143600,6.4485145,1.160899,,,,,,,,,,,,,,
143700,6.6430306,1.1924405,,,,,,,,,,,,,,
143800,6.5971136,1.0793974,,,,,,,,,,,,,,
143900,6.5218964,1.1986477,,,,,,,,,,,,,,
144000,6.5304995,1.1786855,,,,,,,,,,,,,,
144100,7.0940433,1.1298144,,,,,,,,,,,,,,
144200,6.441985,1.1799356,,,,,,,,,,,,,,
144300,7.0571136,1.1520078,,,,,,,,,,,,,,
144400,7.4264417,1.1674619,,,,,,,,,,,,,,
144500,6.764295,1.1847111,,,,,,,,,,,,,,
144600,6.8988953,1.1873118,,,,,,,,,,,,,,
144700,6.50416,1.162313,,,,,,,,,,,,,,
144800,6.27014,1.1298183,,,,,,,,,,,,,,
144826,,,0.8261319994926453,0.6334214806556702,0.7243399620056152,1.1039934158325195,50000.0,0.5997000336647034,1.7748831510543823,10000.0,48490.65652704239,51815.79318499565,48490.65652704239,3316.1890993118286,3.589605569839477,0.0
144900,6.4500074,1.1308978,,,,,,,,,,,,,,
145000,6.682113,1.1066155,,,,,,,,,,,,,,
145100,6.9364114,1.0697703,,,,,,,,,,,,,,
145200,6.2889767,1.141383,,,,,,,,,,,,,,
145300,6.5547643,1.234916,,,,,,,,,,,,,,
145400,6.1645827,1.1362511,,,,,,,,,,,,,,
145500,7.226169,1.1166492,,,,,,,,,,,,,,
145600,6.3444605,1.1469375,,,,,,,,,,,,,,
145700,7.3414154,1.1428581,,,,,,,,,,,,,,
145800,6.7213154,1.1093185,,,,,,,,,,,,,,
145900,6.635544,1.0808547,,,,,,,,,,,,,,
146000,6.6473427,1.1564393,,,,,,,,,,,,,,
146100,6.861747,1.1255672,,,,,,,,,,,,,,
146200,7.281566,1.211693,,,,,,,,,,,,,,
146300,6.429381,1.0555513,,,,,,,,,,,,,,
146352,,,0.830496609210968,0.6152614951133728,0.7305600047111511,1.0796161890029907,50000.0,0.6092000007629395,1.7431604862213137,10000.0,49000.88462948799,52360.69606399536,49000.88462948799,3350.760133266449,3.637131929397583,0.0
146400,6.540508,1.0923612,,,,,,,,,,,,,,
146500,7.010018,1.2070932,,,,,,,,,,,,,,
146600,6.578627,1.0777388,,,,,,,,,,,,,,
146700,6.9449797,1.1740915,,,,,,,,,,,,,,
146800,7.002884,1.1828713,,,,,,,,,,,,,,
146900,6.265799,1.1487423,,,,,,,,,,,,,,
147000,7.0783644,1.2053612,,,,,,,,,,,,,,
147100,6.6915407,1.1484466,,,,,,,,,,,,,,
147200,7.225169,1.1442283,,,,,,,,,,,,,,
147300,7.0767784,1.1252058,,,,,,,,,,,,,,
147400,6.8091884,1.1665877,,,,,,,,,,,,,,
147500,6.4652333,1.0481207,,,,,,,,,,,,,,
147600,7.11232,1.207762,,,,,,,,,,,,,,
147700,6.30495,1.0753663,,,,,,,,,,,,,,
147800,6.774183,1.1048714,,,,,,,,,,,,,,
147878,,,0.8553093075752258,0.5216277837753296,0.7321199774742126,1.0709946155548096,50000.0,0.6101000308990479,1.750648856163025,10000.0,49510.83865189552,52905.4442551136,49510.83865189552,3385.450973272324,3.684558391571045,0.0
147900,7.163188,1.1261561,,,,,,,,,,,,,,
148000,6.9268804,1.0799607,,,,,,,,,,,,,,
148100,6.8680334,1.2077538,,,,,,,,,,,,,,
148200,6.833212,1.1039655,,,,,,,,,,,,,,
148300,6.809881,1.1356877,,,,,,,,,,,,,,
148400,6.5062203,1.0939093,,,,,,,,,,,,,,
148500,6.7393875,1.1406215,,,,,,,,,,,,,,
148600,6.54535,1.0770619,,,,,,,,,,,,,,
148700,6.9582686,1.0028968,,,,,,,,,,,,,,
148800,6.676385,1.0483562,,,,,,,,,,,,,,
148900,6.6113567,1.1643612,,,,,,,,,,,,,,
149000,7.2495503,1.1187779,,,,,,,,,,,,,,
149100,6.434946,1.0474112,,,,,,,,,,,,,,
149200,8.237861,1.1806173,,,,,,,,,,,,,,
149300,7.1346173,1.0192637,,,,,,,,,,,,,,
149400,7.402354,1.1124752,,,,,,,,,,,,,,
149403,,,0.8537547588348389,0.5255544185638428,0.7338199615478516,1.0615432262420654,50000.0,0.6119000315666199,1.7366204261779783,10000.0,50020.94367957115,53451.31481289864,50020.94367957115,3421.113023042679,3.731956720352173,0.0
149500,7.4167986,1.0386657,,,,,,,,,,,,,,
149600,6.6439514,1.0556583,,,,,,,,,,,,,,
149700,6.66311,1.1224072,,,,,,,,,,,,,,
149800,6.9477386,1.1343627,,,,,,,,,,,,,,
149900,7.461391,1.0358989,,,,,,,,,,,,,,
150000,7.4837546,1.0706383,,,,,,,,,,,,,,
150100,6.577051,1.0369248,,,,,,,,,,,,,,
150200,7.252985,1.0595268,,,,,,,,,,,,,,
150300,6.8076615,1.0284839,,,,,,,,,,,,,,
150400,7.091681,1.1461357,,,,,,,,,,,,,,
150500,7.5277743,1.0918988,,,,,,,,,,,,,,
150600,7.0952864,0.9971389,,,,,,,,,,,,,,
150700,6.8500614,1.1386566,,,,,,,,,,,,,,
150800,8.276009,1.1041381,,,,,,,,,,,,,,
150856,,,0.8544921875,0.5171188712120056,0.7351399660110474,1.0517648458480835,50000.0,0.6097000241279602,1.7376251220703125,10000.0,50531.15907764435,53997.83104324341,50531.15907764435,3457.311408996582,3.779625654220581,0.0
150900,7.236973,1.1614847,,,,,,,,,,,,,,
151000,7.1060057,1.043948,,,,,,,,,,,,,,
151100,7.289918,1.0499843,,,,,,,,,,,,,,
151200,7.0077496,1.1571121,,,,,,,,,,,,,,
151300,7.969546,1.0884931,,,,,,,,,,,,,,
151400,7.438219,1.2535775,,,,,,,,,,,,,,
151500,7.2863483,1.0558231,,,,,,,,,,,,,,
151600,7.483989,1.1038779,,,,,,,,,,,,,,
151700,8.074788,1.1188897,,,,,,,,,,,,,,
151800,6.3263288,0.95736516,,,,,,,,,,,,,,
151900,7.015062,1.0989575,,,,,,,,,,,,,,
152000,7.273155,1.040523,,,,,,,,,,,,,,
152100,7.550478,1.1151596,,,,,,,,,,,,,,
152200,6.748183,1.0049956,,,,,,,,,,,,,,
152300,7.4917536,1.1381848,,,,,,,,,,,,,,
152383,,,0.8569435477256775,0.5038579106330872,0.7381399869918823,1.0416638851165771,50000.0,0.6154000163078308,1.696552038192749,10000.0,51041.38826203346,54544.49679374695,51041.38826203346,3493.6451120376587,3.8267431259155273,0.0
152400,7.2321587,1.1556187,,,,,,,,,,,,,,
152500,7.422255,1.1339908,,,,,,,,,,,,,,
152600,6.725491,1.0729842,,,,,,,,,,,,,,
152700,8.144433,1.060883,,,,,,,,,,,,,,
152800,7.316623,1.0510269,,,,,,,,,,,,,,
152900,7.317188,1.0209427,,,,,,,,,,,,,,
153000,7.736617,0.9602434,,,,,,,,,,,,,,
153100,6.9231653,1.0884631,,,,,,,,,,,,,,
153200,7.642066,1.054141,,,,,,,,,,,,,,
153300,7.2247057,1.067923,,,,,,,,,,,,,,
153400,7.7448688,1.1425759,,,,,,,,,,,,,,
153500,7.422242,1.0748035,,,,,,,,,,,,,,
153600,7.9617333,1.0959295,,,,,,,,,,,,,,
153700,6.9813447,1.0652391,,,,,,,,,,,,,,
153800,7.1868825,1.0216599,,,,,,,,,,,,,,
153900,7.2505164,1.0080047,,,,,,,,,,,,,,
153909,,,0.8537348508834839,0.519222617149353,0.7401999831199646,1.039770245552063,50000.0,0.6130000352859497,1.7243179082870483,10000.0,51551.40199613571,55088.17836689949,51551.40199613571,3527.2097046375275,3.8741207122802734,0.0
154000,7.6318893,1.0163441,,,,,,,,,,,,,,
154100,7.541912,1.0576199,,,,,,,,,,,,,,
154200,7.3484464,1.015366,,,,,,,,,,,,,,
154300,7.849192,1.0363023,,,,,,,,,,,,,,
154400,7.8124046,1.0972568,,,,,,,,,,,,,,
154500,8.048319,1.0107237,,,,,,,,,,,,,,
154600,7.736631,1.0022833,,,,,,,,,,,,,,
154700,7.453834,0.9779819,,,,,,,,,,,,,,
154800,7.412905,0.930478,,,,,,,,,,,,,,
154900,7.1961803,0.95510924,,,,,,,,,,,,,,
155000,7.8311753,1.0511334,,,,,,,,,,,,,,
155100,6.6997895,0.9139521,,,,,,,,,,,,,,
155200,7.543066,1.0108095,,,,,,,,,,,,,,
155300,8.111314,1.0987927,,,,,,,,,,,,,,
155400,7.3689456,0.9293287,,,,,,,,,,,,,,
155436,,,0.8608497977256775,0.4932062923908233,0.7442399859428406,1.0298064947128296,50000.0,0.6183000206947327,1.7113653421401978,10000.0,52061.54143118858,55635.63262104988,52061.54143118858,3564.418998241425,3.923143148422241,0.0
155500,7.6749916,1.0013957,,,,,,,,,,,,,,
155600,7.7141476,1.0172384,,,,,,,,,,,,,,
155700,6.9844713,0.9533838,,,,,,,,,,,,,,
155800,7.674756,0.94878,,,,,,,,,,,,,,
155900,7.2095466,1.0089298,,,,,,,,,,,,,,
156000,7.5318747,1.0000563,,,,,,,,,,,,,,
156100,7.472959,1.025917,,,,,,,,,,,,,,
156200,7.1196404,0.93701166,,,,,,,,,,,,,,
156300,6.851459,0.90721154,,,,,,,,,,,,,,
156400,8.069571,0.96059906,,,,,,,,,,,,,,
156500,7.459929,1.0268975,,,,,,,,,,,,,,
156600,7.6491547,0.9303521,,,,,,,,,,,,,,
156700,7.6768966,1.0786453,,,,,,,,,,,,,,
156800,7.8912125,1.0141295,,,,,,,,,,,,,,
156900,7.4946394,0.98110497,,,,,,,,,,,,,,
156963,,,0.8878347873687744,0.4024949669837951,0.7467399835586548,1.025848388671875,50000.0,0.6210000514984131,1.7168190479278564,10000.0,52571.61490774155,56180.90773010254,52571.61490774155,3599.515033721924,3.9725093841552734,0.0
157000,7.351932,0.91474706,,,,,,,,,,,,,,
157100,6.814624,0.95522505,,,,,,,,,,,,,,
157200,7.9205785,1.0032661,,,,,,,,,,,,,,
157300,7.426107,0.90627724,,,,,,,,,,,,,,
157400,9.021967,0.9575321,,,,,,,,,,,,,,
157500,8.415959,1.0711546,,,,,,,,,,,,,,
157600,6.862084,0.91491324,,,,,,,,,,,,,,
157700,9.788549,1.0233974,,,,,,,,,,,,,,
157800,7.504643,1.0256156,,,,,,,,,,,,,,
157900,7.7723994,1.0400542,,,,,,,,,,,,,,
158000,6.974823,0.8813983,,,,,,,,,,,,,,
158100,8.153439,1.0552142,,,,,,,,,,,,,,
158200,8.505517,1.0232835,,,,,,,,,,,,,,
158300,7.472514,0.99026364,,,,,,,,,,,,,,
158400,7.3332396,0.88839006,,,,,,,,,,,,,,
158489,,,0.8827327489852905,0.4188853204250335,0.7464399933815002,1.0166317224502563,50000.0,0.6216000318527222,1.7030165195465088,10000.0,53081.53601717949,56726.36813354492,53081.53601717949,3634.948567628861,4.0212485790252686,0.0
158500,7.1850014,0.9499244,,,,,,,,,,,,,,
158600,7.671285,0.9875175,,,,,,,,,,,,,,
158700,7.4979715,1.0182303,,,,,,,,,,,,,,
158800,8.065922,0.9413095,,,,,,,,,,,,,,
158900,7.332015,0.9866057,,,,,,,,,,,,,,
159000,8.273977,0.997094,,,,,,,,,,,,,,
159100,7.2274976,1.0055083,,,,,,,,,,,,,,
159200,7.370057,0.9445524,,,,,,,,,,,,,,
159300,7.557495,0.94460875,,,,,,,,,,,,,,
159400,8.198342,1.0210589,,,,,,,,,,,,,,
159500,8.130552,1.0106516,,,,,,,,,,,,,,
159600,7.3575096,0.8590272,,,,,,,,,,,,,,
159700,7.5990663,0.976736,,,,,,,,,,,,,,
159800,7.373985,0.93825066,,,,,,,,,,,,,,
159900,7.1318483,0.92972064,,,,,,,,,,,,,,
160000,7.8442836,1.0400271,,,,,,,,,,,,,,
160016,,,0.8824338316917419,0.419807881116867,0.748420000076294,1.015361189842224,50000.0,0.6180000305175781,1.6899574995040894,10000.0,53591.6488134861,57272.00359511376,53591.6488134861,3670.3622682094574,4.073764562606812,0.0
160100,8.3661375,0.93236417,,,,,,,,,,,,,,
160200,8.957139,0.992907,,,,,,,,,,,,,,
160300,7.983872,0.9611949,,,,,,,,,,,,,,
160400,8.837293,0.92772466,,,,,,,,,,,,,,
160500,7.6185226,0.91118246,,,,,,,,,,,,,,
160600,8.190031,0.8621817,,,,,,,,,,,,,,
160700,7.4264464,0.85868454,,,,,,,,,,,,,,
160800,7.7298307,0.9190505,,,,,,,,,,,,,,
160900,7.957159,0.9155802,,,,,,,,,,,,,,
161000,8.102022,0.8844061,,,,,,,,,,,,,,
161100,7.8862724,0.88881767,,,,,,,,,,,,,,
161200,8.712142,1.0370326,,,,,,,,,,,,,,
161300,7.151648,0.9084275,,,,,,,,,,,,,,
161400,8.515449,0.9661175,,,,,,,,,,,,,,
161500,8.42246,0.9879232,,,,,,,,,,,,,,
161543,,,0.8821747303009033,0.4198007583618164,0.7489799857139587,1.005207896232605,50000.0,0.6247000098228455,1.6828504800796509,10000.0,54101.827833652496,57817.87276124954,54101.827833652496,3705.943848133087,4.12495493888855,0.0
161600,8.383834,0.89575464,,,,,,,,,,,,,,
161700,7.4957047,0.9209884,,,,,,,,,,,,,,
161800,7.6163893,0.8658182,,,,,,,,,,,,,,
161900,8.455118,0.9605258,,,,,,,,,,,,,,
162000,8.370652,0.9187078,,,,,,,,,,,,,,
162100,7.282323,0.8602147,,,,,,,,,,,,,,
162200,8.17256,0.9375771,,,,,,,,,,,,,,
162300,7.8321776,0.95497763,,,,,,,,,,,,,,
162400,7.8871126,0.9251031,,,,,,,,,,,,,,
162500,8.74289,0.9215542,,,,,,,,,,,,,,
162600,7.871528,0.86065197,,,,,,,,,,,,,,
162700,8.117453,0.9358407,,,,,,,,,,,,,,
162800,7.6508164,0.8735374,,,,,,,,,,,,,,
162900,7.602798,0.8548282,,,,,,,,,,,,,,
163000,7.8315773,0.8428832,,,,,,,,,,,,,,
163070,,,0.8854233026504517,0.4039523899555206,0.7521399855613708,0.9943212270736694,50000.0,0.6270000338554382,1.6863973140716553,10000.0,54611.92398548126,58363.62744474411,54611.92398548126,3741.492275714874,4.178084135055542,0.0
163100,7.7470183,0.86827904,,,,,,,,,,,,,,
163200,8.584723,0.9117297,,,,,,,,,,,,,,
163300,7.381966,0.88450515,,,,,,,,,,,,,,
163400,7.8568263,0.91852653,,,,,,,,,,,,,,
163500,7.6327324,0.86363906,,,,,,,,,,,,,,
163600,8.004595,0.91550887,,,,,,,,,,,,,,
163700,7.8687816,0.86644983,,,,,,,,,,,,,,
163800,8.4199505,0.97352207,,,,,,,,,,,,,,
163900,7.5772367,0.863195,,,,,,,,,,,,,,
164000,8.395661,0.92495817,,,,,,,,,,,,,,
164100,7.9716034,0.8639455,,,,,,,,,,,,,,
164200,8.759793,0.95203406,,,,,,,,,,,,,,
164300,7.451637,0.86980546,,,,,,,,,,,,,,
164400,8.85812,0.9591528,,,,,,,,,,,,,,
164500,8.404229,0.8239155,,,,,,,,,,,,,,
164596,,,0.8930165767669678,0.3787161707878113,0.7542799711227417,0.9902874827384948,50000.0,0.6314000487327576,1.6567023992538452,10000.0,55121.82811307907,58908.45745754242,55121.82811307907,3776.311466693878,4.228528022766113,0.0
164600,8.453364,0.8573051,,,,,,,,,,,,,,
164700,7.8264613,0.8502561,,,,,,,,,,,,,,
164800,7.614673,0.9315765,,,,,,,,,,,,,,
164900,8.118124,0.86532533,,,,,,,,,,,,,,
165000,8.32759,0.8890372,,,,,,,,,,,,,,
165100,7.36765,0.91800165,,,,,,,,,,,,,,
165200,7.2299337,0.882352,,,,,,,,,,,,,,
165300,7.8841624,0.9179189,,,,,,,,,,,,,,
165400,8.154746,0.8785329,,,,,,,,,,,,,,
165500,8.280251,0.89375293,,,,,,,,,,,,,,
165600,7.9343824,0.86515456,,,,,,,,,,,,,,
165700,7.284461,0.7981152,,,,,,,,,,,,,,
165800,8.1586485,0.9213973,,,,,,,,,,,,,,
165900,8.034061,0.8790693,,,,,,,,,,,,,,
166000,8.350228,0.86596954,,,,,,,,,,,,,,
166100,8.456671,0.95875335,,,,,,,,,,,,,,
166122,,,0.908960461616516,0.3242207765579223,0.7568199634552002,0.9845473766326904,50000.0,0.6302000284194946,1.6455141305923462,10000.0,55631.7391602993,59454.34758830071,55631.7391602993,3812.184688806534,4.277987957000732,0.0
166200,8.415218,0.8792084,,,,,,,,,,,,,,
166300,7.9923067,0.9355927,,,,,,,,,,,,,,
166400,9.588661,0.9322228,,,,,,,,,,,,,,
166500,8.501835,0.9398326,,,,,,,,,,,,,,
166600,8.852731,0.9395062,,,,,,,,,,,,,,
166700,7.9044027,0.838587,,,,,,,,,,,,,,
166800,8.8328285,0.88846445,,,,,,,,,,,,,,
166900,8.0931425,0.8832263,,,,,,,,,,,,,,
167000,8.682415,0.8659509,,,,,,,,,,,,,,
167100,9.236936,0.90298426,,,,,,,,,,,,,,
167200,9.165238,0.88271916,,,,,,,,,,,,,,
167300,8.647485,0.941383,,,,,,,,,,,,,,
167400,9.288822,0.78655034,,,,,,,,,,,,,,
167500,8.288902,0.7840637,,,,,,,,,,,,,,
167600,8.670851,0.7957611,,,,,,,,,,,,,,
167648,,,0.902981460094452,0.3380934596061706,0.7584399580955505,0.9796933531761168,50000.0,0.6361000537872314,1.6566656827926636,10000.0,56141.69866681099,59999.53942799568,56141.69866681099,3847.310977697373,4.328163385391235,0.0
167700,9.2958355,0.93792737,,,,,,,,,,,,,,
167800,7.6763554,0.7893862,,,,,,,,,,,,,,
167900,9.321776,0.9004734,,,,,,,,,,,,,,
168000,8.042403,0.7405348,,,,,,,,,,,,,,
168100,8.420907,0.7985978,,,,,,,,,,,,,,
168200,9.163426,0.8886798,,,,,,,,,,,,,,
168300,8.132836,0.83569443,,,,,,,,,,,,,,
168400,7.6816382,0.8078711,,,,,,,,,,,,,,
168500,7.7890906,0.76682985,,,,,,,,,,,,,,
168600,9.512063,0.9171373,,,,,,,,,,,,,,
168700,8.327282,0.87441,,,,,,,,,,,,,,
168800,9.463033,0.8968406,,,,,,,,,,,,,,
168900,8.004954,0.91095674,,,,,,,,,,,,,,
169000,9.089596,0.9931371,,,,,,,,,,,,,,
169100,7.6069818,0.7730818,,,,,,,,,,,,,,
169174,,,0.906847894191742,0.3270516097545624,0.7581999897956848,0.9758241176605223,50000.0,0.6332000494003296,1.6503241062164309,10000.0,56651.82218670845,60545.941173791885,56651.82218670845,3883.4831912517534,4.377915859222412,0.0
169200,8.123369,0.8459245,,,,,,,,,,,,,,
169300,8.839694,0.921309,,,,,,,,,,,,,,
169400,9.204371,0.87211674,,,,,,,,,,,,,,
169500,8.16374,0.8560794,,,,,,,,,,,,,,
169600,8.3596,0.85020673,,,,,,,,,,,,,,
169700,8.799022,0.852399,,,,,,,,,,,,,,
169800,7.939806,0.7707108,,,,,,,,,,,,,,
169900,8.238245,0.88135046,,,,,,,,,,,,,,
170000,8.222456,0.8347348,,,,,,,,,,,,,,
170100,8.840129,0.77293855,,,,,,,,,,,,,,
170200,8.474879,0.9129865,,,,,,,,,,,,,,
170300,8.359051,0.935688,,,,,,,,,,,,,,
170400,8.493338,0.81577593,,,,,,,,,,,,,,
170500,8.544605,0.88224745,,,,,,,,,,,,,,
170600,8.411234,0.8369398,,,,,,,,,,,,,,
170700,9.217935,0.83383256,,,,,,,,,,,,,,
170701,,,0.9097177982330322,0.3155126571655273,0.7605599761009216,0.972087562084198,50000.0,0.6388000249862671,1.643347978591919,10000.0,57162.18916130066,61092.51369690895,57162.18916130066,3919.5744049549103,4.43614935874939,0.0
170800,7.263439,0.7868411,,,,,,,,,,,,,,
170900,9.1595,0.84797955,,,,,,,,,,,,,,
171000,9.251434,0.817004,,,,,,,,,,,,,,
171100,8.749542,0.8422423,,,,,,,,,,,,,,
171200,8.588401,0.77123237,,,,,,,,,,,,,,
171300,8.72443,0.77962327,,,,,,,,,,,,,,
171400,8.483932,0.75379896,,,,,,,,,,,,,,
171500,8.144007,0.81085646,,,,,,,,,,,,,,
171600,8.423686,0.80485255,,,,,,,,,,,,,,
171700,8.355239,0.7200767,,,,,,,,,,,,,,
171800,8.476144,0.8353521,,,,,,,,,,,,,,
171900,9.02238,0.9277171,,,,,,,,,,,,,,
172000,8.41498,0.83596605,,,,,,,,,,,,,,
172100,7.9688673,0.813609,,,,,,,,,,,,,,
172200,8.527001,0.82370925,,,,,,,,,,,,,,
172228,,,0.9135442972183228,0.3103369474411011,0.7604199647903442,0.968784511089325,50000.0,0.6397000551223755,1.6470327377319336,10000.0,57672.30944895744,61638.35597205162,57672.30944895744,3955.191148996353,4.485299825668335,0.0
172300,8.923209,0.8575898,,,,,,,,,,,,,,
172400,7.9466352,0.8415198,,,,,,,,,,,,,,
172500,8.397192,0.8122904,,,,,,,,,,,,,,
172600,8.475553,0.7875738,,,,,,,,,,,,,,
172700,9.749563,0.7945643,,,,,,,,,,,,,,
172800,8.555756,0.84625214,,,,,,,,,,,,,,
172900,8.412252,0.85139734,,,,,,,,,,,,,,
173000,8.279486,0.8335916,,,,,,,,,,,,,,
173100,8.572445,0.78111076,,,,,,,,,,,,,,
173200,8.551328,0.73984265,,,,,,,,,,,,,,
173300,8.279526,0.7780423,,,,,,,,,,,,,,
173400,8.558066,0.7859276,,,,,,,,,,,,,,
173500,7.7815213,0.7069633,,,,,,,,,,,,,,
173600,8.9776745,0.8058279,,,,,,,,,,,,,,
173700,8.957227,0.88844943,,,,,,,,,,,,,,
173755,,,0.9249242544174194,0.2726222276687622,0.7627999782562256,0.9672437310218812,50000.0,0.6413000226020813,1.6372982263565063,10000.0,58182.472752809525,62184.69481778145,58182.472752809525,3991.25949549675,4.53642725944519,0.0
173800,8.488226,0.7935369,,,,,,,,,,,,,,
173900,9.086422,0.8187108,,,,,,,,,,,,,,
174000,8.64104,0.80895793,,,,,,,,,,,,,,
174100,9.12734,0.8879021,,,,,,,,,,,,,,
174200,7.7711577,0.72723556,,,,,,,,,,,,,,
174300,8.327229,0.72765785,,,,,,,,,,,,,,
174400,9.9582615,0.912909,,,,,,,,,,,,,,
174500,8.267511,0.7669065,,,,,,,,,,,,,,
174600,10.625984,0.87521994,,,,,,,,,,,,,,
174700,8.406792,0.7484254,,,,,,,,,,,,,,
174800,8.896644,0.79500633,,,,,,,,,,,,,,
174900,8.3393345,0.7954616,,,,,,,,,,,,,,
175000,8.983866,0.7450827,,,,,,,,,,,,,,
175100,8.378754,0.7525766,,,,,,,,,,,,,,
175200,9.156311,0.8327218,,,,,,,,,,,,,,
175282,,,0.9257014989852904,0.2670720517635345,0.762719988822937,0.957956850528717,50000.0,0.64000004529953,1.6331777572631836,10000.0,58692.60250353813,62729.64344191551,58692.60250353813,4025.97063946724,4.5876569747924805,0.0
175300,8.943184,0.7950017,,,,,,,,,,,,,,
175400,8.530358,0.75879085,,,,,,,,,,,,,,
175500,9.116438,0.79931843,,,,,,,,,,,,,,
175600,8.33198,0.7656837,,,,,,,,,,,,,,
175700,8.369526,0.7493485,,,,,,,,,,,,,,
175800,8.28322,0.73786145,,,,,,,,,,,,,,
175900,8.710401,0.77234834,,,,,,,,,,,,,,
176000,8.73399,0.83525276,,,,,,,,,,,,,,
176100,8.618459,0.7953253,,,,,,,,,,,,,,
176200,8.841434,0.8063357,,,,,,,,,,,,,,
176300,8.261215,0.74308145,,,,,,,,,,,,,,
176400,8.49244,0.82852095,,,,,,,,,,,,,,
176500,9.03129,0.78583974,,,,,,,,,,,,,,
176600,8.575825,0.84313965,,,,,,,,,,,,,,
176700,7.5981207,0.676347,,,,,,,,,,,,,,
176800,9.235711,0.85007554,,,,,,,,,,,,,,
176808,,,0.9249043464660645,0.2739727199077606,0.7652199864387512,0.9561116695404052,50000.0,0.6412000060081482,1.631739377975464,10000.0,59202.64239883423,63277.72889065743,59202.64239883423,4063.906819343567,4.640381336212158,0.0
176900,8.576792,0.75474584,,,,,,,,,,,,,,
177000,8.059946,0.694666,,,,,,,,,,,,,,
177100,8.962652,0.8566356,,,,,,,,,,,,,,
177200,8.524208,0.79066646,,,,,,,,,,,,,,
177300,8.211613,0.78698224,,,,,,,,,,,,,,
177400,8.883887,0.7929477,,,,,,,,,,,,,,
177500,8.368082,0.7309011,,,,,,,,,,,,,,
177600,7.903348,0.7041735,,,,,,,,,,,,,,
177700,8.794369,0.7896123,,,,,,,,,,,,,,
177800,8.320838,0.81401765,,,,,,,,,,,,,,
177900,9.316709,0.8417257,,,,,,,,,,,,,,
178000,7.9112616,0.74081606,,,,,,,,,,,,,,
178100,9.032723,0.7581284,,,,,,,,,,,,,,
178200,9.005367,0.8524195,,,,,,,,,,,,,,
178300,8.932986,0.91175467,,,,,,,,,,,,,,
178334,,,0.9254822731018066,0.2711818516254425,0.764959990978241,0.9550173282623292,50000.0,0.64410001039505,1.6277707815170288,10000.0,59712.560940265656,63824.3959069252,59712.560940265656,4100.548461675644,4.690950155258179,0.0
178400,9.762845,0.83036953,,,,,,,,,,,,,,
178500,8.751943,0.80342513,,,,,,,,,,,,,,
178600,8.602572,0.7502974,,,,,,,,,,,,,,
178700,9.416975,0.8093064,,,,,,,,,,,,,,
178800,9.334276,0.72540134,,,,,,,,,,,,,,
178900,9.071671,0.8112925,,,,,,,,,,,,,,
179000,8.537045,0.7980277,,,,,,,,,,,,,,
179100,8.959169,0.77413833,,,,,,,,,,,,,,
179200,8.6802225,0.75665987,,,,,,,,,,,,,,
179300,8.839762,0.85272217,,,,,,,,,,,,,,
179400,8.479796,0.81104636,,,,,,,,,,,,,,
179500,9.942105,0.78913474,,,,,,,,,,,,,,
179600,8.905659,0.8147218,,,,,,,,,,,,,,
179700,8.736647,0.6542587,,,,,,,,,,,,,,
179800,8.385622,0.8174578,,,,,,,,,,,,,,
179860,,,0.9246850609779358,0.2691587209701538,0.7656199932098389,0.95282781124115,50000.0,0.6426000595092773,1.627731442451477,10000.0,60222.4552257061,64368.8987224102,60222.4552257061,4135.046853303909,4.74476432800293,0.0
179860,,,,,,,,,,,60222.4552257061,,,,,0.0
