accumulated_eval_time,accumulated_logging_time,accumulated_submission_time,global_step,preemption_count,score,test/accuracy,test/loss,test/num_examples,total_duration,train/accuracy,train/loss,validation/accuracy,validation/loss,validation/num_examples
35.531450510025024,0.0,93.12577056884766,1,0,93.12577056884766,0.0008000000379979,6.9106926918029785,10000,128.6573522090912,0.0010164221748709,6.909396171569824,0.0009800000116229,6.909994602203369,50000
53.9004487991333,0.0265984535217285,603.3251030445099,1477,0,603.3251030445099,0.1119000017642974,4.933221340179443,10000,657.3028333187103,0.1655970960855484,4.2865824699401855,0.149859994649887,4.4612321853637695,50000
72.12460923194885,0.0534131526947021,1113.362411737442,2951,0,1113.362411737442,0.2182000130414962,4.007760524749756,10000,1185.643965959549,0.3139747977256775,3.226489543914795,0.2870999872684479,3.4088120460510254,50000
90.23615193367004,0.0794265270233154,1623.377733707428,4425,0,1623.377733707428,0.2733000218868255,3.640539169311523,10000,1713.8458805084229,0.3904256820678711,2.78472113609314,0.3592999875545501,2.976231813430786,50000
108.2346248626709,0.1087446212768554,2133.466374874115,5901,0,2133.466374874115,0.3101000189781189,3.356161117553711,10000,2242.012536764145,0.4407286345958709,2.5231857299804688,0.4060199856758117,2.704928398132324,50000
126.31265664100648,0.1345701217651367,2643.581644296646,7378,0,2643.581644296646,0.3317000269889831,3.2641680240631104,10000,2770.2793900966644,0.4658800959587097,2.3623087406158447,0.4321799874305725,2.561366319656372,50000
144.95339274406433,0.1604807376861572,3153.762059450149,8856,0,3153.762059450149,0.3811000287532806,3.0182154178619385,10000,3299.175498008728,0.5266860723495483,2.0404109954833984,0.4932399988174438,2.248300790786743,50000
163.4982786178589,0.1906073093414306,3663.9403550624847,10335,0,3663.9403550624847,0.3819000124931335,2.9844765663146973,10000,3827.980100870133,0.5406169891357422,1.9510713815689087,0.5004000067710876,2.197911024093628,50000
182.02516889572144,0.2262730598449707,4174.194041490555,11813,0,4174.194041490555,0.4068000316619873,2.840856075286865,10000,4356.847120761871,0.5827088356018066,1.7588475942611694,0.5212000012397766,2.089877128601074,50000
200.6637737751007,0.257216215133667,4684.158507823944,13291,0,4684.158507823944,0.4026000201702118,2.897483587265014,10000,4885.531627178192,0.5827487111091614,1.7612996101379397,0.5224999785423279,2.0882039070129395,50000
219.40150904655457,0.285560131072998,5194.247129917145,14770,0,5194.247129917145,0.4329000115394592,2.7193496227264404,10000,5414.43523311615,0.6104711294174194,1.6380060911178589,0.5540599822998047,1.933436632156372,50000
238.1215212345124,0.3306877613067627,5704.455948114395,16249,0,5704.455948114395,0.4346000254154205,2.6922149658203125,10000,5943.458267211914,0.6190210580825806,1.571966528892517,0.564520001411438,1.890195369720459,50000
261.2778189182281,0.3618066310882568,6214.69403719902,17728,0,6214.69403719902,0.4519000351428985,2.6202173233032227,10000,6476.934148788452,0.6313775181770325,1.528487205505371,0.5724200010299683,1.8437153100967407,50000
285.4360842704773,0.4076478481292724,6724.681494474411,19208,0,6724.681494474411,0.4620000123977661,2.540933132171631,10000,7011.176405906677,0.6423190236091614,1.460187554359436,0.58433997631073,1.7850230932235718,50000
308.9534821510315,0.4359242916107178,7234.79356265068,20688,0,7234.79356265068,0.455700010061264,2.5703060626983643,10000,7544.88413643837,0.6499521732330322,1.4407014846801758,0.5870599746704102,1.780704140663147,50000
332.15914845466614,0.4673612117767334,7744.76144528389,22167,0,7744.76144528389,0.4586000144481659,2.591195821762085,10000,8078.138195037842,0.6701211333274841,1.3254544734954834,0.5860199928283691,1.7998170852661133,50000
355.1265285015106,0.4954984188079834,8254.764417886734,23646,0,8254.764417886734,0.4620000123977661,2.5875751972198486,10000,8611.186390399933,0.6678889989852905,1.3290162086486816,0.5858399868011475,1.7956324815750122,50000
378.7851529121399,0.5209064483642578,8764.776166200638,25124,0,8764.776166200638,0.4739000201225281,2.546053171157837,10000,9144.9334089756,0.6692044138908386,1.3257941007614136,0.5967199802398682,1.7397220134735107,50000
402.9159750938416,0.5474505424499512,9274.968742370604,26605,0,9274.968742370604,0.4837000370025635,2.4512360095977783,10000,9679.333067178726,0.6811622977256775,1.2640022039413452,0.6078999638557434,1.6846545934677124,50000
425.8686769008637,0.5736312866210938,9785.146108865738,28086,0,9785.146108865738,0.4745000302791595,2.5132319927215576,10000,10212.538864135742,0.6798867583274841,1.2856807708740234,0.6056199669837952,1.7047799825668335,50000
450.1938750743866,0.6032845973968506,10295.362908124924,29566,0,10295.362908124924,0.4657000303268432,2.590603828430176,10000,10747.160761356354,0.6677295565605164,1.342044234275818,0.5947200059890747,1.763906955718994,50000
474.85470485687256,0.6327149868011475,10805.2866127491,31045,0,10805.2866127491,0.4838000237941742,2.463261365890503,10000,11281.82436466217,0.6925422549247742,1.2266920804977417,0.6093400120735168,1.678871512413025,50000
499.4697031974793,0.6683881282806396,11315.348562717438,32525,0,11315.348562717438,0.4842000305652618,2.444648265838623,10000,11816.587490320206,0.7156010866165161,1.101096272468567,0.6074000000953674,1.6843451261520386,50000
525.1835441589355,0.69736647605896,11825.324693202972,34004,0,11825.324693202972,0.4764000177383423,2.578564405441284,10000,12352.357054948809,0.7068518400192261,1.16277813911438,0.6122199892997742,1.7259397506713867,50000
550.6384308338165,0.7292540073394775,12335.450327634811,35485,0,12335.450327634811,0.4856000244617462,2.524664878845215,10000,12888.017460107803,0.7053770422935486,1.1663906574249268,0.613319993019104,1.6876332759857178,50000
573.6255712509155,0.7626953125,12845.590251684189,36965,0,12845.590251684189,0.4805000126361847,2.531776666641236,10000,13421.227258443832,0.6902303695678711,1.2318638563156128,0.6057400107383728,1.7219213247299194,50000
594.2374565601349,0.7973675727844238,13355.526514291763,38444,0,13355.526514291763,0.4901000261306762,2.525604248046875,10000,13951.861100673676,0.6988400816917419,1.1941436529159546,0.6168999671936035,1.6753751039505005,50000
613.4625203609467,0.8276164531707764,13865.729062318802,39925,0,13865.729062318802,0.4971000254154205,2.456967830657959,10000,14481.369117975237,0.6977837681770325,1.20245623588562,0.6168999671936035,1.676247000694275,50000
634.5908627510071,0.8653664588928223,14375.644403219225,41404,0,14375.644403219225,0.4825000166893005,2.527984142303467,10000,15012.499831199646,0.697664201259613,1.1972057819366455,0.610260009765625,1.6956497430801392,50000
653.6074719429016,0.8968832492828369,14885.641664505005,42884,0,14885.641664505005,0.4917000234127044,2.4947433471679688,10000,15541.595856666563,0.7201052308082581,1.0750136375427246,0.6133999824523926,1.6767399311065674,50000
674.5127944946289,0.9380064010620116,15395.70651769638,44364,0,15395.70651769638,0.4891000092029571,2.487139940261841,10000,16072.656971931458,0.7141860723495483,1.1202625036239624,0.618939995765686,1.6730196475982666,50000
693.1412737369537,0.974097728729248,15905.697484970093,45844,0,15905.697484970093,0.4829000234603882,2.5752830505371094,10000,16601.3625125885,0.7088249325752258,1.1511337757110596,0.6129599809646606,1.7155475616455078,50000
712.586000919342,1.0110387802124023,16415.627611875534,47323,0,16415.627611875534,0.4816000163555145,2.5134928226470947,10000,17130.82428240776,0.7073501348495483,1.1372698545455933,0.6106799840927124,1.6833319664001465,50000
731.152096748352,1.0435025691986084,16925.829163074493,48804,0,16925.829163074493,0.4864000082015991,2.5532822608947754,10000,17659.674290180206,0.703125,1.1727278232574463,0.6184599995613098,1.6812081336975098,50000
748.9506192207336,1.0806834697723389,17435.750473737717,50283,0,17435.750473737717,0.4924000203609466,2.447547674179077,10000,18187.48220705986,0.7066127061843872,1.1553879976272583,0.6225599646568298,1.6324384212493896,50000
766.7110321521759,1.118767261505127,17945.88702917099,51762,0,17945.88702917099,0.4890000224113464,2.4443435668945312,10000,18715.46725726128,0.7209821343421936,1.0831693410873413,0.6207599639892578,1.6358110904693604,50000
784.1460020542145,1.1581480503082275,18456.02036190033,53241,0,18456.02036190033,0.4868000149726867,2.585421323776245,10000,19243.124445438385,0.730887234210968,1.0248754024505615,0.6175400018692017,1.7111369371414185,50000
803.8723709583282,1.1957337856292725,18966.026853322983,54719,0,18966.026853322983,0.4888000190258026,2.4850857257843018,10000,19772.94451189041,0.7231743931770325,1.0604482889175415,0.6217399835586548,1.6493940353393557,50000
822.4582376480103,1.2326743602752686,19476.16429591179,56198,0,19476.16429591179,0.4935000240802765,2.4255409240722656,10000,20301.754544734955,0.7202447056770325,1.0744918584823608,0.6225599646568298,1.6396108865737915,50000
840.041296005249,1.2712688446044922,19986.41514992714,57678,0,19986.41514992714,0.4820000231266022,2.588771104812622,10000,20829.676608800888,0.7123525142669678,1.109233856201172,0.6186599731445312,1.692108988761902,50000
857.6662831306458,1.3146741390228271,20496.60253310204,59158,0,20496.60253310204,0.4907000362873077,2.494788885116577,10000,21357.58293890953,0.7040417790412903,1.1498005390167236,0.6178799867630005,1.6806254386901855,50000
875.2395761013031,1.352349042892456,21006.717433214188,60638,0,21006.717433214188,0.497700035572052,2.464608192443848,10000,21885.35828185081,0.7164580821990967,1.106145977973938,0.6251599788665771,1.6398789882659912,50000
892.7561328411102,1.390918254852295,21516.80791091919,62118,0,21516.80791091919,0.5026000142097473,2.495810508728028,10000,22413.053498744965,0.7263033986091614,1.0470236539840698,0.6282599568367004,1.6669584512710571,50000
910.264096736908,1.4295110702514648,22026.961842775345,63598,0,22026.961842775345,0.4933000206947326,2.4841742515563965,10000,22940.802387475967,0.7377630472183228,0.9968621134757996,0.6183399558067322,1.6749279499053955,50000
927.7808918952942,1.472524642944336,22536.98076725006,65078,0,22536.98076725006,0.4925000369548797,2.5051820278167725,10000,23468.43079066277,0.7272201776504517,1.0517688989639282,0.6215599775314331,1.6677722930908203,50000
945.2547121047974,1.5112972259521484,23047.07276892662,66558,0,23047.07276892662,0.5038000345230103,2.4101812839508057,10000,23996.08434510231,0.7385801672935486,1.005695343017578,0.6380400061607361,1.581907033920288,50000
962.867609500885,1.552030086517334,23557.004363536835,68037,0,23557.004363536835,0.5126000046730042,2.3769969940185547,10000,24523.71823644638,0.7409717440605164,0.9894205927848816,0.638700008392334,1.5706285238265991,50000
980.390877008438,1.5919277667999268,24067.05653429032,69516,0,24067.05653429032,0.508400022983551,2.4585869312286377,10000,25051.38470840454,0.726582407951355,1.04520583152771,0.6297999620437622,1.632232427597046,50000
997.9742946624756,1.635134220123291,24577.090618371964,70995,0,24577.090618371964,0.510200023651123,2.422438859939575,10000,25579.09546637535,0.7438616156578064,0.9695295691490172,0.6456800103187561,1.5497605800628662,50000
1015.5436277389526,1.6778502464294434,25087.26900553704,72475,0,25087.26900553704,0.5126000046730042,2.483264684677124,10000,26106.935194969177,0.7445192933082581,0.9736782312393188,0.6331799626350403,1.637030839920044,50000
1033.81897854805,1.71764874458313,25597.32083940506,73954,0,25597.32083940506,0.5118000507354736,2.405423641204834,10000,26635.35197281837,0.780293345451355,0.8219811320304871,0.6434599757194519,1.57100510597229,50000
1051.3332056999209,1.7581937313079834,26107.32312297821,75434,0,26107.32312297821,0.5100000500679016,2.530665397644043,10000,27162.958963155743,0.7392378449440002,0.9952203035354614,0.6282599568367004,1.6808648109436035,50000
1068.908831834793,1.800743579864502,26617.416291952133,76914,0,26617.416291952133,0.4996000230312347,2.4586994647979736,10000,27690.71975851059,0.7378228306770325,0.9898310303688048,0.6330599784851074,1.613320231437683,50000
1086.3817720413208,1.842851638793945,27127.44077396393,78393,0,27127.44077396393,0.5125000476837158,2.454118490219116,10000,28218.308495759964,0.7435427308082581,0.9695510864257812,0.6418600082397461,1.5978963375091553,50000
1103.7581491470337,1.8906044960021973,27637.558451652527,79873,0,27637.558451652527,0.5139000415802002,2.4374759197235107,10000,28745.90014004708,0.7380221486091614,1.0074325799942017,0.6386199593544006,1.616574764251709,50000
1121.3871750831604,1.9319908618927,28147.620944738388,81353,0,28147.620944738388,0.5213000178337097,2.3563477993011475,10000,29273.68222141266,0.749043345451355,0.9476572871208192,0.651919960975647,1.5409553050994873,50000
1138.9363391399384,1.9787147045135496,28657.665934324265,82832,0,28657.665934324265,0.5224000215530396,2.31428599357605,10000,29801.3718996048,0.7753308415412903,0.8364725708961487,0.655239999294281,1.5126667022705078,50000
1156.459272623062,2.019417762756348,29167.89415597916,84312,0,29167.89415597916,0.5151000022888184,2.3886306285858154,10000,30329.21532773972,0.7753507494926453,0.8246440291404724,0.6408799886703491,1.5780335664749146,50000
1173.9727153778076,2.0620603561401367,29677.90017747879,85793,0,29677.90017747879,0.5047000050544739,2.422048807144165,10000,30856.826596975327,0.758808970451355,0.888439953327179,0.6368600130081177,1.5914021730422974,50000
1191.6771128177645,2.1074349880218506,30187.829119682312,87273,0,30187.829119682312,0.5214000344276428,2.3801968097686768,10000,31384.555157899857,0.7584502100944519,0.9023781418800354,0.6489999890327454,1.5420143604278564,50000
1209.1982865333557,2.150848627090454,30697.85158085823,88753,0,30697.85158085823,0.523300051689148,2.398956775665283,10000,31912.19049453736,0.7652263641357422,0.8709139227867126,0.6514399647712708,1.559550404548645,50000
1226.6806514263153,2.193748712539673,31208.081196784973,90235,0,31208.081196784973,0.5258000493049622,2.376743793487549,10000,32439.994384765625,0.7607222199440002,0.8932027816772461,0.6506999731063843,1.5483180284500122,50000
1244.064977645874,2.23982310295105,31718.137536525726,91713,0,31718.137536525726,0.5178000330924988,2.4404871463775635,10000,32967.531561374664,0.7566764950752258,0.9171602725982666,0.6451799869537354,1.5906509160995483,50000
1261.5487387180328,2.288877248764038,32228.17898249626,93193,0,32228.17898249626,0.499500036239624,2.535573720932007,10000,33495.15469503403,0.7649673223495483,0.8760556578636169,0.6338399648666382,1.6481051445007324,50000
1279.0185618400574,2.333791971206665,32738.09887909889,94672,0,32738.09887909889,0.5153000354766846,2.497443437576294,10000,34022.63784003258,0.7917928695678711,0.763740599155426,0.6485199928283691,1.5970555543899536,50000
1296.6847400665283,2.377845048904419,33248.03195166588,96151,0,33248.03195166588,0.5208000540733337,2.434455394744873,10000,34550.33133649826,0.7820471525192261,0.7882705330848694,0.6486600041389465,1.581470608711243,50000
1314.112504720688,2.4245166778564453,33758.16876959801,97632,0,33758.16876959801,0.5400000214576721,2.339462757110596,10000,35077.99227356911,0.7899792790412903,0.762738049030304,0.663919985294342,1.5020875930786133,50000
1331.423708677292,2.4732611179351807,34268.1829996109,99112,0,34268.1829996109,0.5362000465393066,2.34883713722229,10000,35605.416783094406,0.7879264950752258,0.7686058282852173,0.6637600064277649,1.5078331232070925,50000
1348.9681837558746,2.5185635089874268,34778.22278904915,100592,0,34778.22278904915,0.5267000198364258,2.368844985961914,10000,36133.09564423561,0.7747927308082581,0.8227708339691162,0.6569199562072754,1.5213829278945925,50000
1366.5745117664335,2.586646318435669,35288.4139354229,102073,0,35288.4139354229,0.5394999980926514,2.420320749282837,10000,36661.011026382446,0.7828842401504517,0.8009414672851562,0.663599967956543,1.530566692352295,50000
1384.143122434616,2.6359190940856934,35798.49836778641,103552,0,35798.49836778641,0.5273000001907349,2.448634147644043,10000,37188.76324558258,0.8083147406578064,0.6946063041687012,0.653939962387085,1.5878489017486572,50000
1401.9818274974823,2.684610843658448,36308.51947617531,105032,0,36308.51947617531,0.5313000082969666,2.3430097103118896,10000,37716.72088980675,0.8245176672935486,0.6224167943000793,0.6697399616241455,1.4838913679122925,50000
1419.550127506256,2.736567497253418,36818.69500494003,106512,0,36818.69500494003,0.5400000214576721,2.3504061698913574,10000,38244.5663266182,0.8130580186843872,0.668984055519104,0.6657999753952026,1.4952280521392822,50000
1437.0539634227753,2.78375244140625,37328.655601501465,107991,0,37328.655601501465,0.5416000485420227,2.356844186782837,10000,38772.12656760216,0.8165457248687744,0.6429725885391235,0.6681599617004395,1.494252324104309,50000
1454.7018377780914,2.8345823287963867,37838.55916070938,109471,0,37838.55916070938,0.5344000458717346,2.4505832195281982,10000,39299.77861618996,0.7975725531578064,0.7309245467185974,0.6592599749565125,1.5748207569122314,50000
1472.1414437294006,2.884336471557617,38348.70598983765,110951,0,38348.70598983765,0.5340999960899353,2.4112322330474854,10000,39827.46401429176,0.7896006107330322,0.7575908303260803,0.6599999666213989,1.550253987312317,50000
1489.5543003082275,2.9332435131073,38858.70804595947,112431,0,38858.70804595947,0.5423000454902649,2.37184739112854,10000,40354.97654724121,0.7975924611091614,0.7337924242019653,0.6706199645996094,1.497166872024536,50000
1507.0564827919006,2.991434335708618,39368.91670656204,113912,0,39368.91670656204,0.5512000322341919,2.3212730884552,10000,40882.79500460625,0.8438695669174194,0.5521424412727356,0.6825799942016602,1.453507661819458,50000
1524.611090183258,3.0395193099975586,39878.977115392685,115392,0,39878.977115392685,0.5252000093460083,2.5234017372131348,10000,41410.50726056099,0.8133769035339355,0.6721656322479248,0.6560199856758118,1.602800726890564,50000
1542.2265212535858,3.0876624584198,40389.191523075104,116872,0,40389.191523075104,0.534000039100647,2.415311574935913,10000,41938.43570446968,0.8030133843421936,0.7154470086097717,0.6604999899864197,1.5455708503723145,50000
1559.8333723545074,3.139930963516236,40899.20707440376,118353,0,40899.20707440376,0.5422000288963318,2.432220935821533,10000,42466.15968179703,0.8043287396430969,0.7038329839706421,0.669439971446991,1.5382161140441897,50000
1577.5505545139313,3.1895432472229004,41409.42097878456,119833,0,41409.42097878456,0.5420000553131104,2.437988042831421,10000,42994.19062709808,0.8252949714660645,0.6154822707176208,0.6699599623680115,1.5242573022842407,50000
1595.0572185516355,3.238043546676636,41919.50978255272,121313,0,41919.50978255272,0.5407000184059143,2.38968563079834,10000,43521.88566350937,0.8273875713348389,0.6047559976577759,0.6697799563407898,1.5068538188934326,50000
1612.3036427497864,3.286092519760132,42429.44920158386,122793,0,42429.44920158386,0.5561000108718872,2.263522148132324,10000,44049.16877627373,0.8521404266357422,0.5062968134880066,0.6885600090026855,1.4063663482666016,50000
1629.8213608264923,3.336127281188965,42939.385034799576,124273,0,42939.385034799576,0.5614000558853149,2.275954484939575,10000,44576.72130990029,0.8761559128761292,0.4333590269088745,0.6884999871253967,1.4131731986999512,50000
1647.339274406433,3.3848886489868164,43449.58308315277,125754,0,43449.58308315277,0.5470000505447388,2.4338862895965576,10000,45104.53584480286,0.853515625,0.502337634563446,0.6757799983024597,1.53381085395813,50000
1664.8046252727509,3.43503737449646,43959.725105285645,127234,0,43959.725105285645,0.5473999977111816,2.4084646701812744,10000,45632.24339342117,0.865652859210968,0.4599286913871765,0.6769199967384338,1.5114442110061646,50000
1682.330026626587,3.48576283454895,44469.95134854317,128712,0,44469.95134854317,0.5546000003814697,2.420088529586792,10000,46160.09653067589,0.8684031963348389,0.4468686580657959,0.6831200122833252,1.5051665306091309,50000
1699.773678779602,3.5356593132019043,44980.1718249321,130192,0,44980.1718249321,0.5649999976158142,2.275667667388916,10000,46687.85982489586,0.8931162357330322,0.3633598685264587,0.6974799633026123,1.3971102237701416,50000
1717.2439284324646,3.587671995162964,45490.11268591881,131672,0,45490.11268591881,0.5517000555992126,2.508364677429199,10000,47215.37188410759,0.8692601919174194,0.4412553608417511,0.6806600093841553,1.558202624320984,50000
1734.8268928527832,3.6415863037109375,46000.13668465614,133153,0,46000.13668465614,0.5489000082015991,2.5446434020996094,10000,47743.08122205734,0.8602917790412903,0.4739968478679657,0.6757999658584595,1.5770158767700195,50000
1752.22438454628,3.695112228393554,46510.163148880005,134633,0,46510.163148880005,0.5625,2.447187900543213,10000,48270.60816216469,0.9087013602256776,0.3097584843635559,0.692039966583252,1.4923160076141355,50000
1769.6303718090055,3.747030735015869,47020.12859797478,136112,0,47020.12859797478,0.5517000555992126,2.534022808074951,10000,48798.08100438118,0.8862005472183228,0.3761133849620819,0.6870799660682678,1.543949842453003,50000
1787.1705622673037,3.798004388809204,47530.30329680443,137593,0,47530.30329680443,0.5609000325202942,2.408735752105713,10000,49325.89607048035,0.8838488459587097,0.3863393664360046,0.6938199996948242,1.479360580444336,50000
1804.7320866584776,3.850808620452881,48040.30619692802,139073,0,48040.30619692802,0.5763000249862671,2.2945168018341064,10000,49853.5624639988,0.8888113498687744,0.3745982348918915,0.7030999660491943,1.4106799364089966,50000
1822.3419816493988,3.9042487144470215,48550.50820159912,140554,0,48550.50820159912,0.5664000511169434,2.453123092651367,10000,50381.47725105286,0.8835498690605164,0.3934312164783478,0.6906999945640564,1.5134527683258057,50000
1839.9445276260376,3.957035541534424,49060.59878897667,142034,0,49060.59878897667,0.5547000169754028,2.6130502223968506,10000,50909.27453684807,0.8841278553009033,0.3807467818260193,0.685259997844696,1.618226170539856,50000
1857.349291086197,4.009729623794556,49570.51759338379,143513,0,49570.51759338379,0.5680000185966492,2.4573566913604736,10000,51436.70005965233,0.9174904227256776,0.2681843638420105,0.697219967842102,1.5015344619750977,50000
1874.7697200775144,4.061507701873779,50080.690985918045,144995,0,50080.690985918045,0.5576000213623047,2.620405673980713,10000,51964.3955245018,0.9387754797935486,0.1985033750534057,0.6884599924087524,1.6182329654693604,50000
1892.04961681366,4.114277601242065,50590.63331222534,146475,0,50590.63331222534,0.5751000046730042,2.3744664192199707,10000,52491.71969175339,0.9400709271430968,0.2013612389564514,0.6987400054931641,1.473969340324402,50000
1909.5807645320888,4.167296886444092,51100.7047700882,147955,0,51100.7047700882,0.565500020980835,2.515381097793579,10000,53019.42466926575,0.9273756146430968,0.2390605360269546,0.697160005569458,1.537558674812317,50000
1927.699346780777,4.222686052322388,51610.75049996376,149436,0,51610.75049996376,0.5394999980926514,2.793664932250977,10000,53547.69397830963,0.8705955147743225,0.435404360294342,0.6721199750900269,1.7613177299499512,50000
1945.3360846042635,4.276762247085571,52120.66751646996,150916,0,52120.66751646996,0.5570000410079956,2.571014165878296,10000,54075.351885557175,0.8628228306770325,0.4653896689414978,0.6899999976158142,1.5788156986236572,50000
1963.209498167038,4.329776763916016,52630.78714108467,152396,0,52630.78714108467,0.5685999989509583,2.608797311782837,10000,54603.44685125351,0.8701968789100647,0.4414714872837066,0.6971200108528137,1.609309196472168,50000
1980.716679573059,4.384374380111694,53140.72084212303,153876,0,53140.72084212303,0.5569000244140625,2.5411531925201416,10000,55130.99395942688,0.865234375,0.4539665877819061,0.6911999583244324,1.5534733533859253,50000
1998.150158882141,4.439258098602295,53650.64099287987,155356,0,53650.64099287987,0.5764000415802002,2.328129529953003,10000,55658.45188641548,0.9100964665412904,0.3055320680141449,0.7057600021362305,1.4294793605804443,50000
2015.6790120601647,4.494332790374756,54160.67541742325,156837,0,54160.67541742325,0.5707000494003296,2.486407995223999,10000,56186.120624780655,0.8942721486091614,0.3492231965065002,0.7012999653816223,1.5254745483398438,50000
2033.1741852760315,4.5527637004852295,54670.88363194466,158317,0,54670.88363194466,0.5498000383377075,2.8874969482421875,10000,56713.93500590325,0.8717913031578064,0.4321374297142029,0.6794599890708923,1.786184787750244,50000
2050.674298763275,4.605700492858887,55180.93801665306,159796,0,55180.93801665306,0.5657000541687012,2.466237068176269,10000,57241.59212565422,0.9058513641357422,0.3075549304485321,0.6948800086975098,1.5025047063827517,50000
2068.115327358246,4.663219690322876,55690.89087796211,161277,0,55690.89087796211,0.5593000054359436,2.8038017749786377,10000,57769.093913555145,0.8979192972183228,0.3274011611938476,0.684939980506897,1.740827560424805,50000
2085.589355945587,4.722914934158325,56200.79954385757,162757,0,56200.79954385757,0.5720000267028809,2.406820058822632,10000,58296.5860760212,0.9136439561843872,0.2780466079711914,0.7048199772834778,1.4629929065704346,50000
2102.8507215976715,4.781178951263428,56710.79272389412,164238,0,56710.79272389412,0.5787000060081482,2.5105583667755127,10000,58823.947371959686,0.9323381781578064,0.217435285449028,0.7072399854660034,1.514082431793213,50000
2120.381195783615,4.838722467422485,57220.92892336845,165720,0,57220.92892336845,0.5616000294685364,2.8682961463928223,10000,59351.72296953201,0.9548389315605164,0.1430698037147522,0.6923399567604065,1.7674987316131592,50000
2137.8138043880463,4.895756959915161,57731.07342672348,167201,0,57731.07342672348,0.5545000433921814,2.720144748687744,10000,59879.40614032745,0.938297152519226,0.1952557265758514,0.681659996509552,1.6885026693344116,50000
2155.252995491028,4.951956510543823,58241.0512034893,168682,0,58241.0512034893,0.5644000172615051,2.647569417953491,10000,60406.92831778526,0.9613958597183228,0.1275440454483032,0.6970199942588806,1.6153035163879397,50000
2172.7411830425262,5.010058164596558,58751.029572725296,170163,0,58751.029572725296,0.5556000471115112,2.663395643234253,10000,60934.501901865005,0.9501554369926452,0.1649067848920822,0.6882399916648865,1.6394221782684326,50000
2190.1268725395203,5.068514347076416,59261.20867776871,171644,0,59261.20867776871,0.5804000496864319,2.376573085784912,10000,61462.17429828644,0.9658800959587096,0.1258983612060547,0.706820011138916,1.449328064918518,50000
2207.588874578476,5.125277996063232,59771.12962150574,173124,0,59771.12962150574,0.5796000361442566,2.5389413833618164,10000,61989.66343665123,0.9610371589660645,0.1284626275300979,0.7062000036239624,1.546520471572876,50000
2224.8580515384674,5.183408260345459,60281.18488717079,174604,0,60281.18488717079,0.551800012588501,2.958786964416504,10000,62517.094831228256,0.9400709271430968,0.1877878904342651,0.6850000023841858,1.801441073417664,50000
2242.2713882923126,5.24263072013855,60791.233206272125,176084,0,60791.233206272125,0.5598000288009644,2.694784641265869,10000,63044.664811611176,0.9556361436843872,0.1478117853403091,0.6926000118255615,1.6599196195602417,50000
2259.6692321300507,5.301158905029297,61301.1489713192,177564,0,61301.1489713192,0.5596000552177429,2.890432834625244,10000,63572.08614253998,0.933793008327484,0.208415150642395,0.6870599985122681,1.795348882675171,50000
2277.015774011612,5.359897136688232,61811.056203365326,179044,0,61811.056203365326,0.5724000334739685,2.4353511333465576,10000,64099.44841480255,0.9394132494926452,0.2022144049406051,0.7026999592781067,1.488286375999451,50000
2294.416053533554,5.418025016784668,62320.98529815674,180525,0,62320.98529815674,0.5788000226020813,2.5260140895843506,10000,64626.88523173332,0.9531847834587096,0.1560426950454712,0.7025799751281738,1.5267404317855835,50000
2311.7391588687897,5.476345539093018,62830.96950387955,182005,0,62830.96950387955,0.5683000087738037,2.9541969299316406,10000,65154.30021452904,0.9541015625,0.1398751586675644,0.6981399655342102,1.781527400016785,50000
2329.217814445496,5.534395933151245,63340.91572642326,183485,0,63340.91572642326,0.5488000512123108,2.953365564346313,10000,65681.83322668076,0.9393334984779358,0.1908321678638458,0.6845399737358093,1.800528883934021,50000
2346.540769338608,5.598655939102173,63850.97110652924,184966,0,63850.97110652924,0.5512000322341919,2.920038938522339,10000,66209.32579660416,0.9475645422935486,0.1679278165102005,0.6863399744033813,1.8015276193618768,50000
2363.942037820816,5.665619373321533,64360.94936275482,186446,0,64360.94936275482,0.5565000176429749,2.865478992462158,10000,66736.82063913345,0.9677534699440002,0.1085352227091789,0.6875799894332886,1.764183759689331,50000
2381.999111890793,5.725604057312012,64870.86561203003,187926,0,64870.86561203003,0.5741000175476074,2.4322400093078613,10000,67264.90302443504,0.966577649116516,0.1208827123045921,0.705079972743988,1.4907623529434204,50000
2399.3498804569244,5.787125825881958,65380.80337381363,189407,0,65380.80337381363,0.5724000334739685,2.5413832664489746,10000,67792.30207371712,0.9489795565605164,0.1719048917293548,0.7028200030326843,1.5510237216949463,50000
2416.6529507637024,5.849876642227173,65891.00364041328,190888,0,65891.00364041328,0.549500048160553,3.123298168182373,10000,68319.91727280617,0.8997528553009033,0.3300062716007232,0.6899999976158142,1.903430700302124,50000
2433.796202898025,5.912637233734131,66401.23521375656,192370,0,66401.23521375656,0.5534999966621399,2.855375051498413,10000,68847.40432929993,0.8650350570678711,0.4616694748401642,0.685979962348938,1.7529128789901731,50000
2451.683053255081,5.976370573043823,66911.1810119152,193850,0,66911.1810119152,0.5509999990463257,3.039450168609619,10000,69375.35017061234,0.8526985049247742,0.5262841582298279,0.6841199994087219,1.8800015449523928,50000
2469.092766523361,6.0285491943359375,67421.31233644485,195331,0,67421.31233644485,0.5663000345230103,2.442134380340576,10000,69902.9924235344,0.8901466727256775,0.3653649091720581,0.7017599940299988,1.495108127593994,50000
2486.596444606781,6.094129085540772,67931.23969912529,196811,0,67931.23969912529,0.5718000531196594,2.537025451660156,10000,70430.53823304176,0.9261399507522584,0.2398489862680435,0.704319953918457,1.529942274093628,50000
2504.062155723572,6.155553579330444,68441.36729001999,198292,0,68441.36729001999,0.5634000301361084,2.902334213256836,10000,70958.24137949944,0.9225725531578064,0.2461005598306656,0.7008399963378906,1.7525743246078491,50000
2521.270762681961,6.217919826507568,68951.5319776535,199772,0,68951.5319776535,0.5473000407218933,3.077293872833252,10000,71485.72554540634,0.8832509517669678,0.3785553276538849,0.6841199994087219,1.8853529691696167,50000
2538.6263587474823,6.280388832092285,69461.4474580288,201253,0,69461.4474580288,0.5578000545501709,2.9649806022644043,10000,72013.1091735363,0.8964644074440002,0.3359910249710083,0.6884999871253967,1.8231593370437624,50000
2556.034906625748,6.3628106117248535,69971.39732313156,202733,0,69971.39732313156,0.5471000075340271,2.862429618835449,10000,72540.5996351242,0.8970822691917419,0.3263708651065826,0.6831799745559692,1.7723788022994995,50000
2573.40350484848,6.42480731010437,70481.61970162392,204214,0,70481.61970162392,0.5732000470161438,2.486256122589112,10000,73068.30225348473,0.9335139989852904,0.2119416743516922,0.7044399976730347,1.509554147720337,50000
2590.8766117095947,6.488867998123169,70991.7092037201,205695,0,70991.7092037201,0.5710000395774841,2.662504911422729,10000,73595.97951626778,0.953882336616516,0.1489317119121551,0.7031999826431274,1.60555100440979,50000
2608.2531077861786,6.553686141967773,71501.59995412827,207175,0,71501.59995412827,0.5578000545501709,3.0719215869903564,10000,74123.36044120789,0.966577649116516,0.1062759459018707,0.6909799575805664,1.8819680213928225,50000
2625.6213483810425,6.616644144058228,72011.59613251686,208656,0,72011.59613251686,0.5532000064849854,2.9750657081604004,10000,74650.83726167679,0.9549784660339355,0.1372303962707519,0.6886799931526184,1.8542958498001096,50000
2643.062730550766,6.682459592819214,72521.48041582108,210135,0,72521.48041582108,0.5502000451087952,3.1314618587493896,10000,75178.27894949913,0.9510124325752258,0.1501606255769729,0.6842399835586548,1.9319770336151123,50000
2660.335654973984,6.746528625488281,73031.6741065979,211616,0,73031.6741065979,0.5656000375747681,2.47803807258606,10000,75705.85982847214,0.9644451141357422,0.1278982162475586,0.699999988079071,1.5210627317428589,50000
2677.7073760032654,6.8107428550720215,73541.78083133698,213098,0,73541.78083133698,0.5700000524520874,2.5418508052825928,10000,76233.45160984993,0.9710020422935486,0.1008838415145874,0.7045599818229675,1.5423771142959597,50000
2695.0102219581604,6.879862308502197,74051.91837406158,214579,0,74051.91837406158,0.5651000142097473,2.873429536819458,10000,76761.0103905201,0.9691884517669678,0.0974168851971626,0.7001599669456482,1.739427089691162,50000
2712.28044462204,6.949103593826294,74562.02592015266,216060,0,74562.02592015266,0.5455999970436096,3.070497512817383,10000,77288.5058259964,0.95414137840271,0.1450097858905792,0.6794999837875366,1.9178410768508911,50000
2729.581089258194,7.015911102294922,75071.9643137455,217540,0,75071.9643137455,0.5570000410079956,3.0885605812072754,10000,77815.86071419716,0.965481460094452,0.1095321998000145,0.684939980506897,1.9013718366622925,50000
2747.060737133026,7.080999851226807,75581.92307209969,219019,0,75581.92307209969,0.555400013923645,2.9205358028411865,10000,78343.41585063934,0.9581074714660645,0.1354497820138931,0.6870599985122681,1.7884129285812378,50000
2764.442714691162,7.145395755767822,76091.93092656136,220500,0,76091.93092656136,0.5796000361442566,2.510143518447876,10000,78870.91948032379,0.973254144191742,0.0964050963521003,0.7067999839782715,1.542940616607666,50000
2781.6131286621094,7.212502479553223,76602.03272342682,221980,0,76602.03272342682,0.5769000053405762,2.6511881351470947,10000,79398.30906701088,0.9783561825752258,0.0798135250806808,0.7055799961090088,1.6010019779205322,50000
2798.7694747447968,7.279033422470093,77112.21223759651,223461,0,77112.21223759651,0.5593000054359436,3.0599496364593506,10000,79925.76064300537,0.970523715019226,0.0929644554853439,0.6917999982833862,1.87540602684021,50000
2816.9159746170044,7.343513488769531,77622.32692432404,224942,0,77622.32692432404,0.5523000359535217,3.0508062839508057,10000,80454.13439893723,0.9549584984779358,0.1442591249942779,0.6842799782752991,1.87680983543396,50000
2834.337170600891,7.415463924407959,78132.2263970375,226422,0,78132.2263970375,0.5455000400543213,3.164726734161377,10000,80981.57649350166,0.9522879123687744,0.1499672681093216,0.6780799627304077,1.9668039083480835,50000
2851.679742336273,7.487956762313843,78642.3641705513,227904,0,78642.3641705513,0.5695000290870667,2.509107112884521,10000,81509.17853069305,0.9688296914100648,0.1166514903306961,0.6978799700737,1.539090633392334,50000
2869.038938760757,7.556011199951172,79152.5673840046,229386,0,79152.5673840046,0.5690000057220459,2.5957512855529785,10000,82036.85910105705,0.955078125,0.1511432230472564,0.7026199698448181,1.5784775018692017,50000
2886.3772571086884,7.623499155044556,79662.5465707779,230867,0,79662.5465707779,0.5667000412940979,2.9321084022521973,10000,82564.29328465462,0.9204599857330322,0.2582932710647583,0.6980999708175659,1.7754642963409424,50000
2903.7200825214386,7.691601753234863,80172.70274949074,232349,0,80172.70274949074,0.5508000254631042,3.1044726371765137,10000,83091.91181325912,0.8709940910339355,0.4456467032432556,0.6822599768638611,1.9076783657073968,50000
2921.09068608284,7.764960527420044,80682.6091606617,233829,0,80682.6091606617,0.5390000343322754,3.1569724082946777,10000,83619.31102967262,0.8565050959587097,0.5008703470230103,0.6729599833488464,1.969614624977112,50000
2938.320135831833,7.839527606964111,81192.53559970856,235311,0,81192.53559970856,0.5519000291824341,2.862731695175171,10000,84146.59057092667,0.8846659660339355,0.3718945682048797,0.682159960269928,1.7999211549758911,50000
2955.671101093292,7.906543016433716,81702.69357466698,236792,0,81702.69357466698,0.5714000463485718,2.542431831359864,10000,84674.2164542675,0.9243662357330322,0.2446788996458053,0.7026000022888184,1.5400396585464478,50000
2972.950576543808,7.982338905334473,82212.7217054367,238273,0,82212.7217054367,0.5695000290870667,2.7617838382720947,10000,85201.6490559578,0.934769570827484,0.2076899260282516,0.7001999616622925,1.6797274351119995,50000
2990.3513112068176,8.051933765411377,82722.74228358269,239754,0,82722.74228358269,0.5598000288009644,3.077721118927002,10000,85729.18872618675,0.9182876348495485,0.2626231014728546,0.6892799735069275,1.9079720973968504,50000
3007.688700199127,8.12036657333374,83232.9601931572,241235,0,83232.9601931572,0.5421000123023987,3.129642963409424,10000,86256.86280846596,0.90433669090271,0.3044281005859375,0.6777999997138977,1.930174827575684,50000
3025.2990131378174,8.198210716247559,83743.06683063507,242717,0,83743.06683063507,0.5440000295639038,3.2055797576904297,10000,86784.70646834373,0.905871331691742,0.3009085357189178,0.6775199770927429,1.997971177101136,50000
3042.415209770202,8.267656087875366,84252.96332526207,244198,0,84252.96332526207,0.5685999989509583,2.512160062789917,10000,87311.83953762054,0.9413065910339355,0.1930329799652099,0.6982199549674988,1.549566626548767,50000
3059.5837829113007,8.33838438987732,84762.8752861023,245678,0,84762.8752861023,0.5767000317573547,2.5623044967651367,10000,87839.03977918625,0.9578483700752258,0.1417239010334015,0.701479971408844,1.5669474601745603,50000
3076.857386827469,8.413487911224365,85273.02446293831,247160,0,85273.02446293831,0.564300000667572,2.974919557571411,10000,88366.58829498291,0.9729152917861938,0.0850119441747665,0.6979399919509888,1.8235080242156985,50000
3094.155529499054,8.48490595817566,85782.90941548347,248640,0,85782.90941548347,0.5533000230789185,3.164898633956909,10000,88893.89201450348,0.9673150181770324,0.1045258268713951,0.6861400008201599,1.9406434297561648,50000
3111.5307404994965,8.557416200637817,86292.97019076347,250122,0,86292.97019076347,0.5296000242233276,3.2704086303710938,10000,89421.44917154312,0.9324776530265808,0.2160428017377853,0.6632800102233887,2.042008876800537,50000
3128.993125915528,8.628175497055054,86802.8844614029,251603,0,86802.8844614029,0.5519000291824341,2.8963382244110107,10000,89948.94625496864,0.955676019191742,0.1383899301290512,0.68777996301651,1.8008366823196411,50000
3146.1941752433777,8.698508739471436,87313.08486866951,253083,0,87313.08486866951,0.5700000524520874,2.6329259872436523,10000,90476.46711087228,0.9734932780265808,0.0920910015702247,0.7025600075721741,1.5977827310562134,50000
3163.55144906044,8.772595882415771,87823.01021766663,254563,0,87823.01021766663,0.5696000456809998,2.722215175628662,10000,91003.87313818932,0.9745894074440002,0.0877203717827797,0.7002399563789368,1.6797568798065186,50000
3181.0357739925385,8.844094038009644,88332.9186592102,256043,0,88332.9186592102,0.5629000067710876,3.2042033672332764,10000,91531.38750243188,0.9704041481018066,0.0945672988891601,0.6892799735069275,2.0203697681427,50000
3198.457675218582,8.915407180786133,88842.9112124443,257523,0,88842.9112124443,0.5527000427246094,3.270744800567627,10000,92058.92241096497,0.9791334271430968,0.0679232478141784,0.6817399859428406,2.039888620376587,50000
3216.08845448494,8.98770523071289,89352.90905356407,259003,0,89352.90905356407,0.5439000129699707,3.243126153945923,10000,92586.6723895073,0.9712013602256776,0.0920667648315429,0.6737200021743774,2.014352560043335,50000
3233.4311957359314,9.05921220779419,89862.87651777267,260484,0,89862.87651777267,0.5701000094413757,2.548381090164185,10000,93114.10355830193,0.981465220451355,0.0731754526495933,0.6995799541473389,1.5720465183258057,50000
3250.8423573970795,9.13370418548584,90373.05843567848,261966,0,90373.05843567848,0.5756000280380249,2.62558388710022,10000,93641.82006454468,0.9834582209587096,0.0604914836585521,0.6999199986457825,1.620199203491211,50000
3268.902822494507,9.208157777786257,90883.23287034036,263447,0,90883.23287034036,0.5660000443458557,3.0210509300231934,10000,94170.17913007736,0.978176772594452,0.0705233886837959,0.694379985332489,1.8692396879196167,50000
3286.086837053299,9.278855800628662,91393.26246094704,264927,0,91393.26246094704,0.5542000532150269,3.166566133499145,10000,94697.51147580148,0.9609175324440002,0.1213090121746063,0.6848599910736084,1.9734553098678589,50000
3303.445497751236,9.351442813873293,91903.38048958778,266409,0,91903.38048958778,0.5383000373840332,3.45418381690979,10000,95225.10951423644,0.9251235723495485,0.2420471310615539,0.6678000092506409,2.182986259460449,50000
3320.743513584137,9.45724320411682,92413.27773213388,267890,0,92413.27773213388,0.5580000281333923,2.9134857654571533,10000,95752.46013355257,0.958386480808258,0.1371061205863952,0.6850799918174744,1.818341851234436,50000
3338.082937002182,9.556442260742188,92923.32663202286,269372,0,92923.32663202286,0.5732000470161438,2.5808072090148926,10000,96279.9968290329,0.951809585094452,0.1590238213539123,0.6990599632263184,1.5987982749938965,50000
3355.434105157852,9.62969708442688,93433.35922932623,270853,0,93433.35922932623,0.5711000561714172,2.746737241744995,10000,96807.50247263908,0.921097695827484,0.2513653635978699,0.6989399790763855,1.699204444885254,50000
3372.973828554153,9.702698945999146,93943.38325810432,272334,0,93943.38325810432,0.5597000122070312,3.1539342403411865,10000,97335.189494133,0.9000318646430969,0.3286197781562805,0.6864799857139587,1.9880660772323608,50000
3390.3198940753937,9.763755321502686,94453.2775990963,273815,0,94453.2775990963,0.5491000413894653,3.277620553970337,10000,97862.54000997543,0.8883728981018066,0.3755997121334076,0.677619993686676,2.0585412979125977,50000
3407.78568315506,9.838900804519652,94963.47596669196,275297,0,94963.47596669196,0.5480000376701355,3.210697889328003,10000,98390.32805752754,0.8813974857330322,0.3991427421569824,0.6728399991989136,2.034196138381958,50000
3425.137750148773,9.913045406341553,95473.68047881126,276780,0,95473.68047881126,0.5697000026702881,2.5911099910736084,10000,98918.0083053112,0.9213966727256776,0.2517293691635132,0.7017799615859985,1.5971304178237915,50000
3442.438046455384,9.993256092071531,95983.7038383484,278261,0,95983.7038383484,0.570900022983551,2.7123453617095947,10000,99445.46187710762,0.9508928656578064,0.1559758782386779,0.6996600031852722,1.6679458618164062,50000
3459.553766012192,10.068446159362791,96493.8745353222,279742,0,96493.8745353222,0.5657000541687012,3.0211360454559326,10000,99972.87443208694,0.9455915093421936,0.1683722734451294,0.6906599998474121,1.8848222494125368,50000
3476.8252198696136,10.14350152015686,97003.7815747261,281223,0,97003.7815747261,0.5498000383377075,3.1878623962402344,10000,100500.17613768578,0.930086076259613,0.2206820547580719,0.6796999573707581,1.99480140209198,50000
3494.238229751587,10.220971584320068,97513.67397546768,282704,0,97513.67397546768,0.5452000498771667,3.3512470722198486,10000,101027.60890698431,0.9257612824440002,0.2346276193857193,0.6766799688339233,2.103538274765014,50000
3511.548494577408,10.299296379089355,98023.54827308656,284184,0,98023.54827308656,0.5545000433921814,2.838930130004883,10000,101554.92120671272,0.9429408311843872,0.1806692332029342,0.6875399947166443,1.7420637607574463,50000
3528.76937699318,10.37796926498413,98533.61319184303,285665,0,98533.61319184303,0.5738000273704529,2.621876001358032,10000,102082.33439397812,0.9644849896430968,0.120658665895462,0.7024399638175964,1.6032875776290894,50000
3546.090560674668,10.456775188446043,99043.56011676788,287146,0,99043.56011676788,0.5672000050544739,2.816434383392334,10000,102609.73182177544,0.9719387292861938,0.0945812240242958,0.6980400085449219,1.7353971004486084,50000
3563.440629005432,10.534239053726196,99553.720361948,288627,0,99553.720361948,0.5542000532150269,3.1583282947540283,10000,103137.36889195442,0.9811663031578064,0.0623627379536628,0.683459997177124,1.978930711746216,50000
3580.854197740555,10.610382556915283,100063.84987854958,290108,0,100063.84987854958,0.5426000356674194,3.4216203689575195,10000,103665.0386185646,0.9621531963348388,0.1159297674894332,0.6778799891471863,2.131907224655152,50000
3598.0613675117493,10.687036275863647,100573.82986283302,291589,0,100573.82986283302,0.5405000448226929,3.076077461242676,10000,104192.35147452354,0.958645522594452,0.1340145319700241,0.6799799799919128,1.902846455574036,50000
3615.593498945236,10.763580322265623,101083.89453530312,293069,0,101083.89453530312,0.5667999982833862,2.595353364944458,10000,104720.07388734818,0.9757055044174194,0.0903799161314964,0.7005800008773804,1.594827651977539,50000
3632.780417680741,10.8414568901062,101593.8758163452,294550,0,101593.8758163452,0.5697000026702881,2.7094738483428955,10000,105247.36973381042,0.979910671710968,0.0734932199120521,0.7003799676895142,1.658194899559021,50000
3650.184709072113,10.921610116958618,102104.08948159218,296031,0,102104.08948159218,0.5628000497817993,3.194453001022339,10000,105775.11833333968,0.9799904227256776,0.064737744629383,0.6929399967193604,1.9703562259674072,50000
3667.558828830719,11.00684928894043,102614.14142775536,297512,0,102614.14142775536,0.5539000034332275,3.2327749729156494,10000,106302.67845630646,0.9801697731018066,0.0656608864665031,0.6836599707603455,2.0140068531036377,50000
3684.952152490616,11.08492398262024,103124.2293188572,298993,0,103124.2293188572,0.5412000417709351,3.474174737930298,10000,106830.28798055647,0.9854511618614196,0.0499299280345439,0.6774599552154541,2.1310386657714844,50000
3703.057659387589,11.167155265808104,103634.20936346054,300475,0,103634.20936346054,0.557200014591217,2.795459508895874,10000,107358.50602841376,0.9823421239852904,0.0648626238107681,0.6902599930763245,1.7251249551773071,50000
3720.4500324726105,11.250442504882812,104144.1011800766,301954,0,104144.1011800766,0.5773000121116638,2.51818323135376,10000,107885.92292261124,0.9795718789100648,0.0785451829433441,0.6987599730491638,1.5757027864456177,50000
3737.63618516922,11.328596115112305,104654.27129721642,303435,0,104654.27129721642,0.5693000555038452,2.913946866989136,10000,108413.4062795639,0.9792928695678712,0.0687011629343032,0.6978600025177002,1.804734468460083,50000
3754.721945762634,11.407550811767578,105164.48598217964,304917,0,105164.48598217964,0.5503000020980835,3.2247793674468994,10000,108940.834359169,0.9649832248687744,0.1083136349916458,0.6886199712753296,1.9891711473464968,50000
3771.889487028122,11.48611044883728,105674.56078696252,306398,0,105674.56078696252,0.5468000173568726,3.3829681873321533,10000,109468.20449995996,0.9452527165412904,0.1674512773752212,0.6810199618339539,2.090654134750366,50000
3789.429518699646,11.56800127029419,106184.69755125046,307879,0,106184.69755125046,0.5505000352859497,3.051189422607422,10000,109996.01161670683,0.9344706535339355,0.2060879021883011,0.6816399693489075,1.9218041896820068,50000
3806.784020662308,11.63563084602356,106694.61751461028,309360,0,106694.61751461028,0.5692000389099121,2.638505697250366,10000,110523.40367102624,0.9589245915412904,0.1372152864933014,0.6982199549674988,1.6417200565338137,50000
3824.1729209423065,11.716380596160889,107204.6570930481,310841,0,107204.6570930481,0.5719000101089478,2.820986270904541,10000,111050.9617099762,0.9430006146430968,0.1804365962743759,0.6996399760246277,1.7433549165725708,50000
3841.5800037384033,11.798904657363892,107714.68143939972,312321,0,107714.68143939972,0.5567000508308411,3.1765623092651367,10000,111578.52478051186,0.926179826259613,0.2326803803443908,0.6899399757385254,1.986984133720398,50000
3858.7865257263184,11.88438892364502,108224.67282247543,313802,0,108224.67282247543,0.553100049495697,3.1959147453308105,10000,112105.85770344734,0.9092992544174194,0.2900850474834442,0.6830999851226807,1.997974634170532,50000
3876.157610416413,11.96876859664917,108734.82732272148,315283,0,108734.82732272148,0.5368000268936157,3.354875087738037,10000,112633.51712727548,0.8920798897743225,0.3545525670051574,0.6747199892997742,2.081270217895508,50000
3893.457580327988,12.049155235290527,109244.73544049264,316763,0,109244.73544049264,0.5585000514984131,2.9846248626708984,10000,113160.85408616066,0.9229312539100648,0.2424410432577133,0.6869399547576904,1.8534082174301147,50000
3910.750510692597,12.130144596099854,109754.8761241436,318245,0,109754.8761241436,0.5672000050544739,2.68004846572876,10000,113688.41851902008,0.9495176672935486,0.1611340492963791,0.7022199630737305,1.6461756229400637,50000
3928.0535159111023,12.211475610733032,110264.8955833912,319726,0,110264.8955833912,0.563800036907196,2.910167694091797,10000,114215.87217998505,0.9667370915412904,0.1080898120999336,0.6979399919509888,1.7977687120437622,50000
3945.264842748642,12.295629262924194,110775.03237080574,321207,0,110775.03237080574,0.5560000538825989,3.3313920497894287,10000,114743.35459566116,0.95121169090271,0.1501949578523636,0.6827399730682373,2.074442148208618,50000
3962.53603720665,12.37885284423828,111285.13131904602,322690,0,111285.13131904602,0.5401000380516052,3.4255809783935547,10000,115270.85725975037,0.9372010231018066,0.1974720656871795,0.6739999651908875,2.1299753189086914,50000
3979.865476608277,12.461814403533936,111795.25102639198,324172,0,111795.25102639198,0.5478000044822693,3.1909193992614746,10000,115798.43826365472,0.9467474222183228,0.1637903302907943,0.6809799671173096,1.9836403131484983,50000
3997.208190202713,12.54158878326416,112305.3104839325,325652,0,112305.3104839325,0.5692000389099121,2.711380958557129,10000,116325.9693992138,0.9657605290412904,0.1115266233682632,0.699999988079071,1.6824508905410769,50000
4014.451147556305,12.625545024871826,112815.47561264038,327133,0,112815.47561264038,0.5651000142097473,2.811518430709839,10000,116853.51047706604,0.9731943607330322,0.0881270542740821,0.6989200115203857,1.7457975149154663,50000
4031.739533662796,12.712099075317385,113325.52715730669,328614,0,113325.52715730669,0.5575000047683716,3.2394051551818848,10000,117380.98747467996,0.977200210094452,0.0733605697751045,0.6899200081825256,2.010204553604126,50000
4049.2336900234222,12.795598268508911,113835.63257169724,330095,0,113835.63257169724,0.5491999983787537,3.333099842071533,10000,117908.71920347214,0.9801697731018066,0.0667105764150619,0.6838200092315674,2.053537368774414,50000
4066.540220737457,12.881862878799438,114345.54975318909,331576,0,114345.54975318909,0.5412999987602234,3.421445846557617,10000,118436.07860803604,0.9583466053009032,0.1282777041196823,0.6710599660873413,2.1642723083496094,50000
4083.843275547028,12.967082262039185,114855.59219074248,333057,0,114855.59219074248,0.555400013923645,2.873408079147339,10000,118963.55868291856,0.9714803695678712,0.0959258452057838,0.6876800060272217,1.7967805862426758,50000
4101.102641820908,13.052330017089844,115365.64959836006,334537,0,115365.64959836006,0.5729000568389893,2.702345132827759,10000,119491.01041841508,0.983179211616516,0.0603545866906642,0.7007799744606018,1.6763935089111328,50000
4118.310023069382,13.138624668121338,115875.63759613036,336018,0,115875.63759613036,0.5618000030517578,2.971527099609375,10000,120018.3411769867,0.984972894191742,0.0522641688585281,0.6966599822044373,1.8311891555786133,50000
4135.403059959412,13.221743822097778,116385.82384037971,337499,0,116385.82384037971,0.5543000102043152,3.2581472396850586,10000,120545.75305962564,0.9794324040412904,0.0647884830832481,0.6857399940490723,2.043007135391236,50000
4153.336854457855,13.306015729904177,116895.69503808022,338979,0,116895.69503808022,0.5428000092506409,3.4211790561676025,10000,121073.69135022163,0.9770607352256776,0.0732681304216384,0.6754399538040161,2.130322933197021,50000
4170.693331480026,13.393247604370115,117405.56554198264,340460,0,117405.56554198264,0.5485000014305115,3.178925037384033,10000,121601.0548825264,0.9827606678009032,0.0589028373360633,0.6802399754524231,1.991907954216004,50000
4187.900261640549,13.473690509796144,117915.77085375786,341941,0,117915.77085375786,0.5707000494003296,2.6974968910217285,10000,122128.59629893304,0.9819235801696776,0.0670790299773216,0.6956799626350403,1.685048222541809,50000
4205.451181411743,13.559960126876833,118425.72552919388,343420,0,118425.72552919388,0.5741000175476074,2.8638036251068115,10000,122656.23752737044,0.9807876348495485,0.065055601298809,0.7001399993896484,1.7779419422149658,50000
4222.962435722351,13.63030457496643,118935.66383862495,344901,0,118935.66383862495,0.5529000163078308,3.264721632003784,10000,123183.8074555397,0.9620137214660645,0.1201819255948066,0.6839599609375,2.0410733222961426,50000
4240.247371912003,13.714930534362791,119445.83246612547,346382,0,119445.83246612547,0.5476000308990479,3.341341495513916,10000,123711.39706730844,0.9462890625,0.1677331328392028,0.6823399662971497,2.089515924453736,50000
4257.421266078949,13.800193309783936,119955.82516145706,347863,0,119955.82516145706,0.5398000478744507,3.49747085571289,10000,124238.69820213318,0.9149593114852904,0.2765151262283325,0.6715199947357178,2.1780009269714355,50000
4274.682209968567,13.89062762260437,120465.96617150308,349344,0,120465.96617150308,0.5600000023841858,2.856039047241211,10000,124766.2399981022,0.9344905614852904,0.2115407437086105,0.6892799735069275,1.7788640260696411,50000
4292.025814533234,13.979624271392822,120975.87812495232,350825,0,120975.87812495232,0.5696000456809998,2.7462050914764404,10000,125293.6335914135,0.9517099857330322,0.1530863344669342,0.6999399662017822,1.697102427482605,50000
4309.187249898911,14.069716453552246,121485.83821487428,352305,0,121485.83821487428,0.562000036239624,3.007427930831909,10000,125820.89429426192,0.9435188174247742,0.175341248512268,0.6954599618911743,1.8590288162231443,50000
4326.499495506287,14.158673524856567,121995.7326309681,353787,0,121995.7326309681,0.4955000281333923,2.824054956436157,10000,126348.23896884918,0.7897998690605164,0.7516339421272278,0.6339799761772156,1.82284677028656,50000
4343.721964120865,14.254300355911257,122505.8024775982,355268,0,122505.8024775982,0.5437999963760376,3.216679811477661,10000,126875.67600035667,0.92191481590271,0.2447656989097595,0.6836999654769897,1.9927459955215447,50000
4360.786556959152,14.345824718475342,123015.68994307518,356747,0,123015.68994307518,0.5574000477790833,3.091941595077514,10000,127402.76926255226,0.9438177347183228,0.175854206085205,0.6907399892807007,1.910613179206848,50000
4378.023745536804,14.434731483459473,123525.57162809372,358228,0,123525.57162809372,0.5663000345230103,2.7996299266815186,10000,127930.02584910391,0.958426296710968,0.1342490166425705,0.6965399980545044,1.7166125774383545,50000
4395.262558937073,14.523280620574951,124035.7636950016,359709,0,124035.7636950016,0.5641000270843506,2.985702991485596,10000,128457.59399795532,0.9710220098495485,0.0949118360877037,0.6978200078010559,1.8404377698898315,50000
4412.501276016235,14.609659433364868,124546.33339333534,361190,0,124546.33339333534,0.5608000159263611,3.244000196456909,10000,128985.5382912159,0.9783561825752258,0.0701029896736145,0.6908400058746338,2.0274386405944824,50000
4429.681797266007,14.700238943099976,125056.2048587799,362671,0,125056.2048587799,0.5540000200271606,3.406466484069824,10000,129512.72958230972,0.968949258327484,0.0954107716679573,0.6890199780464172,2.1105306148529053,50000
4446.958911657333,14.807004690170288,125566.32067584991,364152,0,125566.32067584991,0.5497000217437744,3.281927585601806,10000,130040.2781085968,0.9616549611091614,0.1189340874552726,0.6791200041770935,2.0890326499938965,50000
4464.220109939575,14.89548635482788,126076.4920938015,365633,0,126076.4920938015,0.5659000277519226,2.950999021530152,10000,130567.84850096704,0.9765625,0.077376902103424,0.697219967842102,1.813387751579285,50000
4481.353413105011,14.983816146850586,126586.63925051688,367114,0,126586.63925051688,0.5714000463485718,2.9344873428344727,10000,131095.26649570465,0.9810466766357422,0.0643505230545997,0.6995399594306946,1.8050386905670168,50000
4498.643372535706,15.075525522232056,127096.77946734428,368595,0,127096.77946734428,0.5676000118255615,3.1659626960754395,10000,131622.8372404575,0.983179211616516,0.0556079149246215,0.6977599859237671,1.941841959953308,50000
4515.801661491394,15.173142194747925,127606.73756289482,370076,0,127606.73756289482,0.5591000318527222,3.3559799194335938,10000,132150.10053634644,0.9876235723495485,0.0423208475112915,0.6921799778938293,2.083326578140259,50000
4532.983450174332,15.265355587005615,128116.75620388985,371556,0,128116.75620388985,0.5473000407218933,3.645352840423584,10000,132677.4422545433,0.9772600531578064,0.0717150121927261,0.6793799996376038,2.275517225265503,50000
4550.43288731575,15.355871677398682,128626.63710403442,373035,0,128626.63710403442,0.5562000274658203,3.120043992996216,10000,133204.91319060326,0.9809271097183228,0.0627661943435669,0.6861599683761597,1.9417424201965328,50000
4567.73207783699,15.455564498901367,129136.50255346298,374515,0,129136.50255346298,0.5682000517845154,2.80940318107605,10000,133732.2273287773,0.988879144191742,0.0420674681663513,0.6990599632263184,1.7218745946884155,50000
4585.667563438416,15.549961805343628,129646.636603117,375996,0,129646.636603117,0.5647000074386597,2.990431785583496,10000,134260.44044661522,0.9905731678009032,0.0349955633282661,0.7005199790000916,1.8388129472732544,50000
4602.939306974411,15.639012336730955,130156.53693413734,377477,0,130156.53693413734,0.5527000427246094,3.275707483291626,10000,134787.75081896782,0.9838767051696776,0.0533566363155841,0.6863399744033813,2.0578482151031494,50000
4620.153277158737,15.728723049163818,130666.5232257843,378956,0,130666.5232257843,0.5484000444412231,3.460461378097534,10000,135315.0906534195,0.9805285334587096,0.0620588548481464,0.6824399828910828,2.173051595687866,50000
4637.351991176605,15.829121589660645,131176.61861491203,380437,0,131176.61861491203,0.5441000461578369,3.377924680709839,10000,135842.53408503532,0.979691445827484,0.0669832155108451,0.6726799607276917,2.14335036277771,50000
4654.516910076141,15.92537546157837,131686.63305282593,381918,0,131686.63305282593,0.5616000294685364,2.843872308731079,10000,136369.86009573936,0.9816047549247742,0.0657129734754562,0.6940199732780457,1.748014211654663,50000
4671.705098390579,16.019148111343384,132196.760743618,383399,0,132196.760743618,0.5703000426292419,2.8884668350219727,10000,136897.31827139854,0.9800701141357422,0.0694159418344497,0.6985599994659424,1.7834084033966064,50000
4688.841160058975,16.12070083618164,132706.7334291935,384879,0,132706.7334291935,0.5630000233650208,3.191323518753052,10000,137424.5781891346,0.9675741195678712,0.100246712565422,0.6922799944877625,1.9960917234420776,50000
4706.059882879257,16.21166706085205,133216.65678834915,386360,0,133216.65678834915,0.5482000112533569,3.433157205581665,10000,137951.86072134972,0.9477837681770324,0.1637090295553207,0.6847800016403198,2.123220682144165,50000
4723.337047576904,16.30742859840393,133726.68625330925,387840,0,133726.68625330925,0.5486000180244446,3.4054064750671387,10000,138479.31235313416,0.9286909699440002,0.2294603437185287,0.6814199686050415,2.1797444820404053,50000
4740.56861782074,16.40333390235901,134236.76640748978,389321,0,134236.76640748978,0.5587000250816345,3.125150442123413,10000,139006.77055430412,0.9350286722183228,0.2021144926548004,0.6876599788665771,1.973631501197815,50000
4757.636939764023,16.50058674812317,134746.72019720078,390801,0,134746.72019720078,0.5689000487327576,2.8033409118652344,10000,139533.94029903412,0.9598612785339355,0.132619023323059,0.697219967842102,1.7527543306350708,50000
4774.724253892899,16.594005823135376,135256.5831003189,392281,0,135256.5831003189,0.5597000122070312,2.9739198684692383,10000,140061.0323626995,0.9594826102256776,0.1277112662792205,0.6923199892044067,1.841658353805542,50000
4792.1178941726685,16.68562602996826,135766.4524383545,393761,0,135766.4524383545,0.5563000440597534,3.2885119915008545,10000,140588.4366889,0.9546197056770324,0.1390570998191833,0.6881600022315979,2.039654016494751,50000
4809.433748006821,16.783238887786865,136276.57544016838,395242,0,136276.57544016838,0.5472000241279602,3.4660983085632324,10000,141116.0219912529,0.946926772594452,0.1680891811847686,0.6825199723243713,2.166791677474976,50000
4826.5794451236725,16.880272150039673,136786.5324063301,396723,0,136786.5324063301,0.5472000241279602,3.4104158878326416,10000,141643.27005124092,0.9401108026504515,0.1862683743238449,0.6792599558830261,2.144697666168213,50000
4843.71229672432,16.975737810134888,137296.551776886,398203,0,137296.551776886,0.5600000023841858,2.9339935779571533,10000,142170.5690960884,0.9569514989852904,0.1354115009307861,0.6941999793052673,1.817891240119934,50000
4860.77717924118,17.071013927459717,137806.63320612907,399683,0,137806.63320612907,0.5653000473976135,2.910517930984497,10000,142697.85980176926,0.9682716727256776,0.1031635031104087,0.6974999904632568,1.8062849044799805,50000
4877.92190527916,17.16592764854431,138316.69302916527,401164,0,138316.69302916527,0.5610000491142273,3.254020929336548,10000,143225.208673954,0.983797013759613,0.0531934276223182,0.6926000118255615,2.012735366821289,50000
4895.183434009552,17.264090061187744,138826.71134591103,402644,0,138826.71134591103,0.555400013923645,3.397254943847656,10000,143752.6354906559,0.9764229655265808,0.0732980743050575,0.6832399964332581,2.1386334896087646,50000
4912.502346754074,17.36016058921814,139336.79620409012,404125,0,139336.79620409012,0.5462000370025635,3.453362941741944,10000,144280.18439126015,0.9633688926696776,0.1138629391789436,0.6768999695777893,2.182476282119751,50000
4929.81627035141,17.457195520401,139846.66534352303,405605,0,139846.66534352303,0.5533000230789185,3.1006863117218018,10000,144807.51368117332,0.971898913383484,0.0899676382541656,0.6860600113868713,1.9311233758926392,50000
4947.005581140518,17.55672550201416,140356.73383665085,407086,0,140356.73383665085,0.5627000331878662,2.835531711578369,10000,145334.91982412338,0.9798110723495485,0.0715278759598732,0.6970999836921692,1.7407238483428955,50000
4964.233544826508,17.665127754211426,140866.78115200996,408567,0,140866.78115200996,0.5597000122070312,3.0929861068725586,10000,145862.35365629196,0.9814054369926452,0.0605054907500743,0.6973999738693237,1.8998585939407349,50000
4981.501760721207,17.770026206970215,141376.8771300316,410048,0,141376.8771300316,0.5506000518798828,3.460278987884521,10000,146389.87178444862,0.9801498651504515,0.063131608068943,0.6865599751472473,2.1456964015960693,50000
4998.673256635666,17.87064528465271,141886.7927594185,411529,0,141886.7927594185,0.549500048160553,3.4518752098083496,10000,146917.10834765434,0.9899353981018066,0.0342693850398063,0.6799399852752686,2.196490526199341,50000
5015.809961795807,17.969420433044434,142396.79634022713,413011,0,142396.79634022713,0.3720000088214874,3.3686602115631104,10000,147444.39675354958,0.5951650142669678,1.704753875732422,0.49235999584198,2.477078676223755,50000
5033.515558242798,18.06861591339112,142906.98038959503,414493,0,142906.98038959503,0.5430999994277954,2.6905224323272705,10000,147972.43552541733,0.9577686190605164,0.1494228690862655,0.6751399636268616,1.7036964893341064,50000
5050.620268344879,18.1663658618927,143417.03722381592,415974,0,143417.03722381592,0.5612000226974487,2.7913930416107178,10000,148499.74377894402,0.9822823405265808,0.0631488859653472,0.6909399628639221,1.733748435974121,50000
5067.743659257889,18.26440405845642,143927.1157090664,417455,0,143927.1157090664,0.5586000084877014,3.200700044631958,10000,149027.09369206429,0.985570788383484,0.0489396899938583,0.6928600072860718,1.9736130237579343,50000
5084.692286968231,18.36018204689026,144437.2373945713,418936,0,144437.2373945713,0.5614000558853149,3.331146240234375,10000,149554.3083436489,0.9821627736091614,0.0577106401324272,0.6915599703788757,2.0739054679870605,50000
5101.73012304306,18.46136713027954,144947.4211924076,420418,0,144947.4211924076,0.5577000379562378,3.504772901535034,10000,150081.67992901802,0.9795918464660645,0.0651254802942276,0.6884399652481079,2.1868178844451904,50000
5118.885651350021,18.561424016952515,145457.44370770454,421898,0,145457.44370770454,0.5622000098228455,3.110116481781006,10000,150609.00708007812,0.986746609210968,0.0455538667738437,0.6938999891281128,1.917982816696167,50000
5135.937467336655,18.6676721572876,145967.58024692535,423378,0,145967.58024692535,0.5714000463485718,2.9808363914489746,10000,151136.35096597672,0.9811663031578064,0.063349075615406,0.6994999647140503,1.8363332748413088,50000
5153.234263896942,18.77180504798889,146477.72623372078,424860,0,146477.72623372078,0.5641000270843506,3.1625783443450928,10000,151663.947742939,0.976004421710968,0.077445663511753,0.6952199935913086,1.951919317245484,50000
5170.3252389431,18.87097978591919,146987.61983680725,426340,0,146987.61983680725,0.5622000098228455,3.394761085510254,10000,152191.08198070526,0.9667569994926452,0.1028648093342781,0.6926999688148499,2.113240957260132,50000
5187.459895372391,18.97402310371399,147497.71120214462,427821,0,147497.71120214462,0.5546000003814697,3.5609309673309326,10000,152718.46081256866,0.9569913744926452,0.1320710033178329,0.6867199540138245,2.219184637069702,50000
5204.617381334305,19.07016682624817,148007.6944115162,429301,0,148007.6944115162,0.5546000003814697,3.3428947925567627,10000,153245.7472486496,0.9573700428009032,0.1324839890003204,0.6870200037956238,2.078207492828369,50000
5221.728581428528,19.168429374694824,148517.7671496868,430781,0,148517.7671496868,0.5722000002861023,3.004048109054565,10000,153773.07947421074,0.9754862785339355,0.0827298164367675,0.7014200091362,1.848850131034851,50000
5238.852340459824,19.27159667015076,149027.8820052147,432261,0,149027.8820052147,0.5692000389099121,3.1477367877960205,10000,154300.47100639343,0.9839564561843872,0.0541854128241539,0.7005400061607361,1.9353346824646,50000
5255.988076925278,19.378373622894287,149537.9499387741,433742,0,149537.9499387741,0.5561000108718872,3.432405948638916,10000,154827.8301270008,0.9798309803009032,0.0648713707923889,0.6961599588394165,2.09470534324646,50000
5273.129706144333,19.47673273086548,150047.96328759193,435223,0,150047.96328759193,0.5534999966621399,3.475536584854126,10000,155355.13294506073,0.975027859210968,0.0792889893054962,0.6911599636077881,2.1668806076049805,50000
5290.200116634369,19.635782480239868,150557.77670884132,436703,0,150557.77670884132,0.5428000092506409,3.5550966262817383,10000,155882.22459626198,0.953344225883484,0.1443240195512771,0.6769799590110779,2.24092698097229,50000
5307.298051357269,19.74027848243713,151067.7453289032,438184,0,151067.7453289032,0.5631000399589539,3.0865797996521,10000,156409.44396066666,0.9750677347183228,0.079940915107727,0.6965999603271484,1.9179855585098269,50000
5324.47748541832,19.842231035232544,151577.88648867607,439665,0,151577.88648867607,0.5724000334739685,3.0195467472076416,10000,156936.91634774208,0.978515625,0.069123201072216,0.7005800008773804,1.8580907583236688,50000
5341.559552431107,19.95092177391052,152088.04751849174,441146,0,152088.04751849174,0.567300021648407,3.189509153366089,10000,157464.3174510002,0.982043206691742,0.0601696483790874,0.6967799663543701,1.9586613178253167,50000
5358.704434394836,20.05486273765564,152598.199457407,442627,0,152598.199457407,0.5534000396728516,3.416332244873047,10000,157991.7671740055,0.989855706691742,0.0358289144933223,0.6867799758911133,2.116360664367676,50000
5376.014133930206,20.158740043640137,153108.16657161713,444107,0,153108.16657161713,0.5376999974250793,3.68961238861084,10000,158519.19639587402,0.975805163383484,0.0751440078020095,0.680079996585846,2.2866530418396,50000
5393.174578666687,20.27185678482056,153618.22071027756,445588,0,153618.22071027756,0.5514000058174133,3.240349054336548,10000,159046.57318639755,0.975027859210968,0.0832355022430419,0.6851599812507629,2.021097183227539,50000
5410.419820308685,20.375772714614868,154128.13639950752,447069,0,154128.13639950752,0.563800036907196,2.9776556491851807,10000,159573.88698983192,0.9818040132522584,0.0620937570929527,0.6951199769973755,1.8540399074554443,50000
5427.573891401291,20.481680870056152,154638.12036633492,448550,0,154638.12036633492,0.5618000030517578,3.0760741233825684,10000,160101.18062067032,0.9843152165412904,0.0516979582607746,0.6973599791526794,1.90442442893982,50000
5444.616187572479,20.58462262153625,155147.98529672623,450029,0,155147.98529672623,0.5508000254631042,3.3827662467956543,10000,160628.2404949665,0.9799306392669678,0.0642532780766487,0.6827399730682373,2.119868040084839,50000
5462.1194767951965,20.68230509757996,155658.17040157318,451510,0,155658.17040157318,0.5484000444412231,3.5037102699279785,10000,161156.07526183128,0.9824019074440002,0.0558775588870048,0.6833800077438354,2.172556161880493,50000
5479.241638422012,20.78764533996582,156168.3408048153,452991,0,156168.3408048153,0.5493000149726868,3.424135684967041,10000,161683.52265405655,0.9888990521430968,0.0375250317156314,0.6793799996376038,2.14033317565918,50000
5496.295360803604,20.89488458633423,156678.28225541115,454472,0,156678.28225541115,0.5509999990463257,3.10791277885437,10000,162210.67482972145,0.979312777519226,0.0659506320953369,0.682919979095459,1.9297435283660889,50000
5513.35228228569,20.99934959411621,157188.39704847336,455953,0,157188.39704847336,0.5636000037193298,2.972819566726685,10000,162738.0000281334,0.9854910373687744,0.0501924268901348,0.6953799724578857,1.8410680294036863,50000
5530.3994562625885,21.101853370666504,157698.29838609695,457434,0,157698.29838609695,0.5560000538825989,3.271954298019409,10000,163265.1008427143,0.9797911047935486,0.0648065358400344,0.6912999749183655,2.017490863800049,50000
5547.303107261658,21.205963373184204,158208.3732612133,458914,0,158208.3732612133,0.3879000246524811,3.352832078933716,10000,163792.2335345745,0.6162906289100647,1.601310968399048,0.5135399699211121,2.4046778678894043,50000
5564.371895074844,21.31095242500305,158718.50649809837,460396,0,158718.50649809837,0.5213000178337097,3.0114905834198,10000,164319.58930945396,0.9019849896430968,0.3249662816524505,0.657319962978363,1.894139528274536,50000
5581.525170326233,21.417787790298465,159228.6797504425,461877,0,159228.6797504425,0.5470000505447388,3.071465253829956,10000,164847.07186102867,0.957828402519226,0.1352724879980087,0.6834799647331238,1.904012441635132,50000
5598.70538187027,21.52337908744812,159738.75643873215,463358,0,159738.75643873215,0.5621000528335571,2.928528308868408,10000,165374.4843890667,0.977738320827484,0.0775082036852836,0.6949999928474426,1.814219951629639,50000
5615.830960273743,21.63010954856873,160248.92263746262,464839,0,160248.92263746262,0.5636000037193298,3.116079807281494,10000,165901.9323809147,0.9731345176696776,0.0873362496495246,0.6970999836921692,1.9389710426330569,50000
5632.987866401672,21.73370909690857,160759.1033706665,466321,0,160759.1033706665,0.5631000399589539,3.3465116024017334,10000,166429.42300534248,0.9659199714660645,0.1064262688159942,0.6891999840736389,2.081758737564087,50000
5650.010787963867,21.8394455909729,161269.33235144615,467801,0,161269.33235144615,0.5525000095367432,3.482247829437256,10000,166956.8307030201,0.966458022594452,0.1045760586857795,0.6880799531936646,2.171250343322754,50000
5667.130173444748,21.94963788986206,161779.48690915108,469282,0,161779.48690915108,0.5502000451087952,3.514604091644287,10000,167484.26381373403,0.9602598547935486,0.1219956800341606,0.6853399872779846,2.20457124710083,50000
5684.262048959732,22.05488085746765,162289.52396512032,470763,0,162289.52396512032,0.5613000392913818,3.1053895950317383,10000,168011.58695983887,0.973074734210968,0.0874524191021919,0.6946600079536438,1.924939513206482,50000
5701.39217710495,22.157325267791748,162799.6720392704,472244,0,162799.6720392704,0.5688000321388245,3.0736899375915527,10000,168539.01803207395,0.9804487824440002,0.0656526386737823,0.7010200023651123,1.90944242477417,50000
5718.567078828812,22.26202702522278,163309.524641037,473724,0,163309.524641037,0.566100001335144,3.3023505210876465,10000,169066.19908761978,0.9855309128761292,0.0485175475478172,0.6957399845123291,2.052654504776001,50000
5735.548250436783,22.37192797660828,163819.68454909325,475206,0,163819.68454909325,0.5577000379562378,3.4613399505615234,10000,169593.4996893406,0.9822225570678712,0.0584030859172344,0.6926199793815613,2.1647539138793945,50000
5752.656504154205,22.47890067100525,164329.68109297752,476687,0,164329.68109297752,0.5426000356674194,3.8220174312591553,10000,170120.7612748146,0.9647042155265808,0.1082651615142822,0.6782400012016296,2.37800407409668,50000
5769.737706661224,22.59800791740417,164839.53540325165,478166,0,164839.53540325165,0.5491000413894653,3.355099439620972,10000,170647.86516356468,0.9661790132522584,0.1065530851483345,0.684499979019165,2.0957303047180176,50000
5786.844671964645,22.71221852302552,165349.4489378929,479647,0,165349.4489378929,0.564300000667572,3.082871913909912,10000,171175.04853987694,0.979512095451355,0.0688541010022163,0.697160005569458,1.9006099700927728,50000
5803.934684991837,22.822315454483032,165859.49237632751,481128,0,165859.49237632751,0.5649999976158142,3.189507484436035,10000,171702.34081673622,0.9811264276504515,0.0604502595961093,0.6978399753570557,1.9752854108810425,50000
5821.049219369888,22.937260389328003,166369.47196888924,482609,0,166369.47196888924,0.5177000164985657,2.988468647003174,10000,172229.59920740128,0.8951889276504517,0.3496288657188415,0.6532999873161316,1.8837436437606807,50000
5838.570578336716,23.04733085632324,166879.6399552822,484092,0,166879.6399552822,0.5486000180244446,3.2905876636505127,10000,172757.44861531258,0.9805484414100648,0.0633988827466964,0.6806399822235107,2.0690016746521,50000
5855.630881309509,23.142009496688843,167389.65547585487,485571,0,167389.65547585487,0.5516000390052795,3.324230670928955,10000,173284.66942310333,0.9809271097183228,0.0640708357095718,0.6826599836349487,2.077124118804932,50000
5872.642397642136,23.253897190094,167899.66173553467,487052,0,167899.66173553467,0.563800036907196,2.9663400650024414,10000,173811.84862041473,0.9860291481018066,0.049207542091608,0.6938599944114685,1.8368929624557493,50000
5889.675081253052,23.36733388900757,168409.51959085464,488533,0,168409.51959085464,0.5657000541687012,3.1547622680664062,10000,174338.90219950676,0.9882014989852904,0.0397594608366489,0.6991599798202515,1.949755072593689,50000
5907.28991651535,23.47781801223755,168919.4341967106,490014,0,168919.4341967106,0.5634000301361084,3.358936786651612,10000,174866.59121513367,0.9882612824440002,0.0385501459240913,0.6951000094413757,2.0989038944244385,50000
5924.298291921616,23.59001564979553,169429.3768208027,491494,0,169429.3768208027,0.5548000335693359,3.484231472015381,10000,175393.70410084724,0.9877630472183228,0.0402356684207916,0.6886999607086182,2.180353164672852,50000
5941.280574321747,23.707731008529663,169939.52677679062,492976,0,169939.52677679062,0.5501000285148621,3.701777458190918,10000,175921.00316405296,0.9865074753761292,0.0419239364564418,0.6772399544715881,2.3431646823883057,50000
5958.350687742233,23.82087635993957,170449.63201332092,494457,0,170449.63201332092,0.551300048828125,3.2746574878692627,10000,176448.3403275013,0.988879144191742,0.0387826226651668,0.6845200061798096,2.0384533405303955,50000
5975.553380012512,23.935121774673465,170959.61728692055,495938,0,170959.61728692055,0.5672000050544739,3.04612398147583,10000,176975.6919476986,0.9897759556770324,0.0373644679784774,0.6962400078773499,1.9038243293762207,50000
5992.4122314453125,24.043943643569943,171469.5337073803,497419,0,171469.5337073803,0.5669000148773193,3.219600439071656,10000,177502.6253707409,0.9868063926696776,0.0452090017497539,0.6970199942588806,2.0006914138793945,50000
6009.448904037476,24.15601229667664,171979.41079711914,498899,0,171979.41079711914,0.5538000464439392,3.418417692184448,10000,178029.70009970665,0.971898913383484,0.0866282954812049,0.6835199594497681,2.1498193740844727,50000
6026.44248509407,24.267858505249023,172489.53088140488,500379,0,172489.53088140488,0.5534000396728516,3.61332368850708,10000,178556.97487211227,0.9584661722183228,0.1303342431783676,0.6798999905586243,2.295841693878174,50000
6043.416822433472,24.379765272140503,172999.61281323433,501861,0,172999.61281323433,0.5439000129699707,3.524138927459717,10000,179084.19238972664,0.9525071382522584,0.1451479494571685,0.6786199808120728,2.20406436920166,50000
6060.587728023529,24.4912657737732,173509.64663791656,503341,0,173509.64663791656,0.5611000061035156,3.0903494358062744,10000,179611.55848312378,0.9651426672935486,0.1110710278153419,0.6935999989509583,1.9140597581863403,50000
6077.792553901672,24.60451579093933,174019.70735001564,504822,0,174019.70735001564,0.5594000220298767,3.118685245513916,10000,180138.9886419773,0.9744499325752258,0.0827826261520385,0.6942399740219116,1.91302490234375,50000
6094.692204475403,24.7250919342041,174529.8639345169,506304,0,174529.8639345169,0.5578000545501709,3.346134901046753,10000,180666.21402049065,0.9672751426696776,0.1027349829673767,0.6888799667358398,2.077167272567749,50000
6111.657563924789,24.837061166763306,175039.8884923458,507785,0,175039.8884923458,0.5449000000953674,3.547657251358032,10000,181193.36541819567,0.955875277519226,0.1349817365407943,0.6815599799156189,2.228893756866455,50000
6128.638735771179,24.94730544090271,175549.78389048576,509265,0,175549.78389048576,0.5342000126838684,3.646483421325684,10000,181720.4006280899,0.9463488459587096,0.1703300476074218,0.670699954032898,2.287858963012696,50000
6145.628890752792,25.06020212173462,176059.89536070824,510746,0,176059.89536070824,0.551800012588501,3.212834119796753,10000,182247.66578269005,0.9571309089660645,0.1343833208084106,0.6824199557304382,2.0116798877716064,50000
6162.664566993713,25.19578433036804,176569.7322692871,512226,0,176569.7322692871,0.5389000177383423,2.82460880279541,10000,182774.7235057354,0.9166334271430968,0.2705893516540527,0.66839998960495,1.7551219463348389,50000
6179.606648921967,25.31044149398804,177079.85216355324,513707,0,177079.85216355324,0.551800012588501,3.158982038497925,10000,183301.94950008392,0.9790935516357422,0.0693215131759643,0.6895599961280823,1.9507079124450684,50000
6196.559885025024,25.42478346824646,177589.8505358696,515188,0,177589.8505358696,0.5532000064849854,3.4663608074188232,10000,183829.06509947777,0.9830795526504515,0.0554261282086372,0.687720000743866,2.1588704586029053,50000
6213.524070501328,25.54120087623596,178099.90536475182,516668,0,178099.90536475182,0.5406000018119812,3.6410470008850098,10000,184356.2499370575,0.9704241156578064,0.0929435491561889,0.6784200072288513,2.2840397357940674,50000
6230.902432203293,25.65635061264038,178609.85101604462,518148,0,178609.85101604462,0.5472000241279602,3.4318251609802246,10000,184883.73803544044,0.9688695669174194,0.0990864410996437,0.6819199919700623,2.112229585647583,50000
6247.834101676941,25.771536111831665,179119.75406217575,519629,0,179119.75406217575,0.5396000146865845,3.316284418106079,10000,185410.73747372627,0.9483816623687744,0.1671920120716095,0.6716399788856506,2.0658035278320312,50000
6264.890140771866,25.890369176864624,179629.7469022274,521109,0,179629.7469022274,0.5546000003814697,3.0773513317108154,10000,185937.95552420616,0.9770806431770324,0.0756666883826255,0.6914199590682983,1.9045027494430544,50000
6281.84782743454,26.005030393600464,180139.66157341003,522590,0,180139.66157341003,0.5534000396728516,3.3713254928588867,10000,186464.9919407368,0.9826809167861938,0.0537351965904235,0.688759982585907,2.0908901691436768,50000
6298.8714237213135,26.123065948486328,180649.5121154785,524070,0,180649.5121154785,0.5457000136375427,3.4850728511810303,10000,186992.0331864357,0.98828125,0.0394144989550113,0.6821399927139282,2.200035333633423,50000
6315.810755491257,26.240596771240234,181159.41906499863,525550,0,181159.41906499863,0.5418000221252441,3.660585403442383,10000,187519.0468699932,0.9815250039100648,0.0581279657781124,0.6736800074577332,2.298325061798096,50000
6333.175875425339,26.358290433883667,181669.55797553065,527031,0,181669.55797553065,0.5509999990463257,3.280113458633423,10000,188046.71868658063,0.9784159660339355,0.0678440853953361,0.6838799715042114,2.027273416519165,50000
6350.282742023468,26.47499656677246,182179.4480435848,528511,0,182179.4480435848,0.5635000467300415,3.1302850246429443,10000,188573.88163924217,0.9841756820678712,0.0517196804285049,0.6923199892044067,1.9537080526351929,50000
6367.26590180397,26.59614086151123,182689.4739534855,529992,0,182689.4739534855,0.5583000183105469,3.271470308303833,10000,189101.06159234047,0.9833784699440002,0.0542323291301727,0.6870599985122681,2.0183327198028564,50000
6384.286431312561,26.71122026443481,183199.64171385765,531474,0,183199.64171385765,0.5527000427246094,3.4386091232299805,10000,189628.41341280937,0.9824816584587096,0.05872393399477,0.6825199723243713,2.149941921234131,50000
6401.172261953354,26.82868719100952,183709.648308754,532955,0,183709.648308754,0.5231000185012817,3.5697381496429443,10000,190155.4723470211,0.9561343789100648,0.1382813453674316,0.6633399724960327,2.2357332706451416,50000
6418.213623285294,26.944183826446533,184219.694981575,534436,0,184219.694981575,0.5487000346183777,3.406600952148437,10000,190682.7247374057,0.983777105808258,0.0535355284810066,0.6803199648857117,2.1312460899353027,50000
6435.178326845169,27.062833547592163,184729.7496097088,535917,0,184729.7496097088,0.558899998664856,3.081172466278076,10000,191209.91282892227,0.9827606678009032,0.0577934421598911,0.6885600090026855,1.92935574054718,50000
6452.308436155319,27.18114161491394,185239.60737872124,537398,0,185239.60737872124,0.5579000115394592,3.1529858112335205,10000,191737.06866073608,0.9809072017669678,0.0634251534938812,0.6883400082588196,1.9692504405975344,50000
6469.142953395844,27.30098819732666,185749.7467813492,538880,0,185749.7467813492,0.5487000346183777,3.3641653060913086,10000,192264.21326088905,0.9703443646430968,0.0929846465587616,0.6841599941253662,2.100740909576416,50000
6486.172420024872,27.42486023902893,186259.8846156597,540361,0,186259.8846156597,0.547700047492981,3.645853281021118,10000,192791.5536856652,0.958645522594452,0.1300124228000641,0.6814999580383301,2.2742035388946533,50000
6503.173931837082,27.54278302192688,186769.94524168968,541842,0,186769.94524168968,0.5455000400543213,3.4267146587371826,10000,193318.78279042244,0.9478435516357422,0.1594727337360382,0.6763399839401245,2.1549530029296875,50000
6520.1911652088165,27.661391973495483,187279.8876936436,543322,0,187279.8876936436,0.5552999973297119,3.240156888961792,10000,193845.90862560272,0.9626514315605164,0.1176716163754463,0.6869199872016907,2.028538227081299,50000
6537.1612384319305,27.778505325317383,187789.77079200745,544802,0,187789.77079200745,0.5588000416755676,3.066706895828247,10000,194372.9269216061,0.9757254123687744,0.0823021307587623,0.6889199614524841,1.9117605686187744,50000
6554.002784729004,27.89896583557129,188299.7567884922,546283,0,188299.7567884922,0.5530000329017639,3.2981603145599365,10000,194899.9223511219,0.975406527519226,0.0784565806388855,0.6910799741744995,2.034929752349853,50000
6571.017890453339,28.020544290542603,188809.69742393494,547763,0,188809.69742393494,0.5471000075340271,3.5213212966918945,10000,195427.04772257805,0.9692083597183228,0.09622543305158615,0.6834799647331238,2.1965911388397217,50000
